language,sentence1,sentence2,pairID
de,"und er hat gesagt, Mama ich bin daheim.","Er rief seine Mutter an, sobald er aus dem Schulbus stieg.",1
de,"und er hat gesagt, Mama ich bin daheim.",Er sagte kein Wort.,2
de,"und er hat gesagt, Mama ich bin daheim.","Er sagte seiner Mutter, er sei nach Hause gekommen.",3
de,"Ich wusste nicht was ich vorhatte oder so, ich musste mich an einen bestimmten Ort in Washington melden.","Ich war noch nie in Washington, deshalb habe ich mich auf der Suche nach dem Ort verirrt, als ich dahin entsandt wurde.",16
de,"Ich wusste nicht was ich vorhatte oder so, ich musste mich an einen bestimmten Ort in Washington melden.","Ich wusste genau, was ich tun musste, als ich nach Washington marschierte.",17
de,"Ich wusste nicht was ich vorhatte oder so, ich musste mich an einen bestimmten Ort in Washington melden.",Ich war mir nicht ganz sicher was ich tun soll und deswegen bin ich nach Washington gereist wo ich zugewiesen wurde zu berichten.,18
de,Er konnte nicht gehen.,"Er war der Erste, der eingeladen wurde und die Erfahrung genossen hat.",22
de,Er konnte nicht gehen.,Er durfte nicht teilnehmen.,23
de,Er konnte nicht gehen.,Ihm wurde nicht erlaubt zu der Eröffnung des Museums zu gehen.,24
de,Und ich dachte OK und das war es dann!,"Nachdem ich ja gesagt hatte, endete es.",25
de,Und ich dachte OK und das war es dann!,Ich sagte nein und es zog sich immer weiter hin.,26
de,Und ich dachte OK und das war es dann!,"Als ich ja sagte, entschieden wir, dass wir an diesem Tag heiraten würden.",27
de,"Ich war nur da und habe versucht, es zu verstehen.",Ich habe das gut verstehen vom Anfang.,31
de,"Ich war nur da und habe versucht, es zu verstehen.","Ich versuchte zu verstehen, wohin das Geld ging.",32
de,"Ich war nur da und habe versucht, es zu verstehen.",Ich versuchte zu verstehen.,33
de,"Und, ähm, sie hörten tatsächlich auf, die Familie zu besuchen, weil sie gerade waren, nur bestimmt, dass sie weiß werden würden.",Sie kamen weiterhin jeden Tag zu Besuch.,37
de,"Und, ähm, sie hörten tatsächlich auf, die Familie zu besuchen, weil sie gerade waren, nur bestimmt, dass sie weiß werden würden.",Sie haben die Familie nicht mehr besucht.,38
de,"Und, ähm, sie hörten tatsächlich auf, die Familie zu besuchen, weil sie gerade waren, nur bestimmt, dass sie weiß werden würden.","Sie hörten auf, die Familie zu besuchen, als die Rassenunruhen begannen.",39
de,Und Oma erzählte uns immer die Geschichte in der Ihre Schwester und deren Mann entschieden das sie in die Stadt Augusta ziehen würden und als Weiß durchgehen würden.,Oma's Schwester war weiß und zog nach Texas.,49
de,Und Oma erzählte uns immer die Geschichte in der Ihre Schwester und deren Mann entschieden das sie in die Stadt Augusta ziehen würden und als Weiß durchgehen würden.,Omas Schwester war nicht weiß.,50
de,Und Oma erzählte uns immer die Geschichte in der Ihre Schwester und deren Mann entschieden das sie in die Stadt Augusta ziehen würden und als Weiß durchgehen würden.,"Omas Schwester war nicht weiß, aber sie wollte so sein, um zur Schule gehen zu können.",51
de,"Michael Santo von Firewell and Company aus Buffalo, New York, war derjenige, der äh, den Regler für hohe O2-Werte hergestellt, äh, erfunden hat, bevor die Feuerkontrolle auf dem Herd gut gebaut wurde.",Santo lebte in New York und arbeitete an einem Sauerstoffregler.,58
de,"Michael Santo von Firewell and Company aus Buffalo, New York, war derjenige, der äh, den Regler für hohe O2-Werte hergestellt, äh, erfunden hat, bevor die Feuerkontrolle auf dem Herd gut gebaut wurde.","Santo spezialisierte sich auf Brandschutz, weil es ein Thema war, das ihm nahe stand.",59
de,"Michael Santo von Firewell and Company aus Buffalo, New York, war derjenige, der äh, den Regler für hohe O2-Werte hergestellt, äh, erfunden hat, bevor die Feuerkontrolle auf dem Herd gut gebaut wurde.",Santo arbeitete für Disney und bediente die Teetassen.,60
de,"er aber war, weißt du, in vielerlei Hinsicht, wie nur ein Sohn eines Plantagenbesitzers  weil er der Sohn von diesem Kerl war,der viel Grundbesitz besaß.",Sein Vater besaß nie etwas in seinem Leben.,64
de,"er aber war, weißt du, in vielerlei Hinsicht, wie nur ein Sohn eines Plantagenbesitzers  weil er der Sohn von diesem Kerl war,der viel Grundbesitz besaß.",Sein Vater besaß 2000 Hektar Ackerland.,65
de,"er aber war, weißt du, in vielerlei Hinsicht, wie nur ein Sohn eines Plantagenbesitzers  weil er der Sohn von diesem Kerl war,der viel Grundbesitz besaß.",Sein Vater besaß viel Land.,66
de,"Aber meine Aufgabe war es, Fallschirme und Rettungswesten darauf zu legen, während wir laden und an einen Ort in Übersee gehen würden.","Ich hatte keinen Job, daher lagerte ich alle Kisten einfach zu Hause.",82
de,"Aber meine Aufgabe war es, Fallschirme und Rettungswesten darauf zu legen, während wir laden und an einen Ort in Übersee gehen würden.",Ich habe die Kästen nach Japan geschickt.,83
de,"Aber meine Aufgabe war es, Fallschirme und Rettungswesten darauf zu legen, während wir laden und an einen Ort in Übersee gehen würden.",Ich habe sie per Schiff verschickt.,84
de,"So, äh, ich bleibe dran.","Ich vergewisserte mich, dass der Gurt fest war damit ich sicher wäre.",85
de,"So, äh, ich bleibe dran.",Das ist genau wie Ich unabhängig wurde.,86
de,"So, äh, ich bleibe dran.","Das ist genau, wie ich festgeschnallt war.",87
de,"Und er war ein Schürzenjäger, und ja, er war dort draußen. Und naja, ich mochte ihn nicht, aber was soll es, dies sind meine Geschichten.",Er war so treu und nett.,97
de,"Und er war ein Schürzenjäger, und ja, er war dort draußen. Und naja, ich mochte ihn nicht, aber was soll es, dies sind meine Geschichten.","Ich habe ihn gehasst, weil er so arrogant war.",98
de,"Und er war ein Schürzenjäger, und ja, er war dort draußen. Und naja, ich mochte ihn nicht, aber was soll es, dies sind meine Geschichten.",Ich war kein Fan von ihm.,99
de,"Als ich zog, als er den Schirm zieht, um ihn herauszuholen, zeigt er auf zwei Instrumente auf der linken Seite des Flugzeugs, die während des Fluges tatsächlich geschmolzen waren.",Alle Instrumente im Flugzeug waren intakt.,100
de,"Als ich zog, als er den Schirm zieht, um ihn herauszuholen, zeigt er auf zwei Instrumente auf der linken Seite des Flugzeugs, die während des Fluges tatsächlich geschmolzen waren.",Es war schwer ihn raus zu bekommen.,101
de,"Als ich zog, als er den Schirm zieht, um ihn herauszuholen, zeigt er auf zwei Instrumente auf der linken Seite des Flugzeugs, die während des Fluges tatsächlich geschmolzen waren.","Im Flugzeug waren Instrumente, die schmolzen.",102
de,Und sie hat es nicht wirklich verstanden.,Leider konnte sie es aufgrund einer Sprachbarriere nicht klar verstehen.,103
de,Und sie hat es nicht wirklich verstanden.,Sie hat es in der Tat nicht verstanden.,104
de,Und sie hat es nicht wirklich verstanden.,"Sie wusste genau, worüber wir redeten.",105
de,Vielleicht hat sie es allen anderen erzählt und ich habe zu dem Zeitpunkt nicht aufgepasst.,"Ich habe sie nicht gehört, als sie es allen anderen erzählt hat.",115
de,Vielleicht hat sie es allen anderen erzählt und ich habe zu dem Zeitpunkt nicht aufgepasst.,"Ich hörte alles, was sie sagte.",116
de,Vielleicht hat sie es allen anderen erzählt und ich habe zu dem Zeitpunkt nicht aufgepasst.,Ich habe zu der Zeit mit jemand anderem gesprochen.,117
de,"Nur zwei, drei Flugzeuge verloren, als wir da waren und, äh, Testphase.",Ein paar Flugzeuge gingen wegen des Wetters verloren.,121
de,"Nur zwei, drei Flugzeuge verloren, als wir da waren und, äh, Testphase.",Ein paar Flugzeuge gingen verloren.,122
de,"Nur zwei, drei Flugzeuge verloren, als wir da waren und, äh, Testphase.",Wir haben nie ein Flugzeug verloren.,123
de,Ich brauche dass du etwas für mich tust.,Ich brauche keine Hilfe.,124
de,Ich brauche dass du etwas für mich tust.,"Es ist eine große Aufgabe, die ich erledigen muss.",125
de,Ich brauche dass du etwas für mich tust.,"Es gibt etwas, das ich in Auftrag geben muss.",126
de,"Verschiedene, völlig verschiedene Arten von Fallschirmen und in einem Vogel, der, äh, dreimal so schnell fliegt wie der Schall, über 22.000 Meilen pro Stunde.",Es fliegt mehr als 20.000 Meilen pro Stunde.,136
de,"Verschiedene, völlig verschiedene Arten von Fallschirmen und in einem Vogel, der, äh, dreimal so schnell fliegt wie der Schall, über 22.000 Meilen pro Stunde.",Es legt nur 10.000 Meilen pro Stunde zurück.,137
de,"Verschiedene, völlig verschiedene Arten von Fallschirmen und in einem Vogel, der, äh, dreimal so schnell fliegt wie der Schall, über 22.000 Meilen pro Stunde.","Der Jet fliegt 20,000 Meilen pro Stunde.",138
de,"Es war hmm, was wir hmm, wir hatten Rudolph Anderson in einer, einer Entwicklung von drei U2s","Rudolph Anderson war nirgendwo zu finden, also hatten wir nur ein U2.",139
de,"Es war hmm, was wir hmm, wir hatten Rudolph Anderson in einer, einer Entwicklung von drei U2s",Rudolph Anderson war ein Teil der drei U2s.,140
de,"Es war hmm, was wir hmm, wir hatten Rudolph Anderson in einer, einer Entwicklung von drei U2s",Wir waren gesegnet mit der Hilfe von Rudolph Anderson mit den U2.,141
de,Sie war immer noch da drin.,Sie war spurlos verschwunden.,145
de,Sie war immer noch da drin.,Sie war immer noch in der Nähe.,146
de,Sie war immer noch da drin.,"Wir dachten, sie wäre gegangen, aber sie ist geblieben.",147
de,Lass mich dass hier auch noch durchgehen.,Darum brauche ich mich nicht kümmern.,151
de,Lass mich dass hier auch noch durchgehen.,Ich werde das durchsehen.,152
de,Lass mich dass hier auch noch durchgehen.,Ich werde diese Berichte durchblicken.,153
de,"Aber plötzlich wurden wir gerufen, um zu sehen was fliegt.",Wir sollten das fliegende Flugzeug betrachten.,157
de,"Aber plötzlich wurden wir gerufen, um zu sehen was fliegt.","Wir sollten uns ansehen, was da geflogen ist.",158
de,"Aber plötzlich wurden wir gerufen, um zu sehen was fliegt.",Uns wurde gesagt nicht nach draußen zu gucken.,159
de,"Er zerreißte das Papier und lag es in den Sand, Aschenbechersand, legt es ins Feuer und verbrannt es und dann rührte er die Asche.","Er hatte zu viel Angst, um etwas zu verbrennen, also spülte er es einfach runter.",160
de,"Er zerreißte das Papier und lag es in den Sand, Aschenbechersand, legt es ins Feuer und verbrannt es und dann rührte er die Asche.",Er würde das Blatt verbrennen.,161
de,"Er zerreißte das Papier und lag es in den Sand, Aschenbechersand, legt es ins Feuer und verbrannt es und dann rührte er die Asche.",Er schrieb oft einen Traum auf das Papier und verbrannte es dann.,162
de,"Äh, du musst Ramona in Concord anrufen, allerdings ist sie in einem Büro, eigentlich ist sie in einem Unternehmen, quer durch die Stadt, wir sind in Monroe, sie ist in Concord.",Ramona hat ihr ganzes Leben in Concord gelebt.,169
de,"Äh, du musst Ramona in Concord anrufen, allerdings ist sie in einem Büro, eigentlich ist sie in einem Unternehmen, quer durch die Stadt, wir sind in Monroe, sie ist in Concord.",Ramona war noch nie in Concord.,170
de,"Äh, du musst Ramona in Concord anrufen, allerdings ist sie in einem Büro, eigentlich ist sie in einem Unternehmen, quer durch die Stadt, wir sind in Monroe, sie ist in Concord.",Ramona befindet sich in Concord.,171
de,"Das ist in der Hinsicht einzigartig, dass ich äh 16 Jahre meiner Karriere in Special Activities verbracht habe.",Ich war jahrelang in Sonderaktionen.,172
de,"Das ist in der Hinsicht einzigartig, dass ich äh 16 Jahre meiner Karriere in Special Activities verbracht habe.",Ich hatte noch nie einen Job.,173
de,"Das ist in der Hinsicht einzigartig, dass ich äh 16 Jahre meiner Karriere in Special Activities verbracht habe.",Mein Lieblingsjob war in Special Activities.,174
de,"Ich denke, das ist der Grund, warum ich mich daran erinnere.",Ich konnte mich an gar nichts davon erinnern.,187
de,"Ich denke, das ist der Grund, warum ich mich daran erinnere.","Das ist wahrscheinlich der Grund, warum ich mich an seinen Namen erinnert habe.",188
de,"Ich denke, das ist der Grund, warum ich mich daran erinnere.","Das ist wahrscheinlich der Grund, warum ich mich daran erinnert habe.",189
de,Und du fühlst dich einfach schrecklich.,Du fühlst dich damit großartig.,190
de,Und du fühlst dich einfach schrecklich.,Deswegen fühlst man sich schlecht.,191
de,Und du fühlst dich einfach schrecklich.,Nach einer Stunde fühlt man sich besser.,192
de,Du musst dort nicht bleiben.,"Du kannst nach Hause gehen, wenn du willst.",193
de,Du musst dort nicht bleiben.,Du kannst gehen.,194
de,Du musst dort nicht bleiben.,An genau der Stelle musst du stehenbleiben!,195
de,"Das war, das war ein ziemlich beängstigender Tag.",Es war ein entspannter Tag.,220
de,"Das war, das war ein ziemlich beängstigender Tag.","Es war wirklich beängstigend, als die Tornados in die Stadt kamen.",221
de,"Das war, das war ein ziemlich beängstigender Tag.",Dieser Tag machte mir wirklich Angst.,222
de,"Nunja, die Geschwindigkeit wurde immer höher und höher und höher, bis wir in Übersee eingesetzt wurden.",Es wurde immer schneller.,223
de,"Nunja, die Geschwindigkeit wurde immer höher und höher und höher, bis wir in Übersee eingesetzt wurden.",Es schien für immer zu dauern.,224
de,"Nunja, die Geschwindigkeit wurde immer höher und höher und höher, bis wir in Übersee eingesetzt wurden.",Die Geschwindigkeit machte mich nervös.,225
de,"So, gut ich, äh, wie auch immer, äh, äh, dies sind die drei, äh, U2 Piloten die, äh, President Kennedy's Büro in Washington mit General May.","General May und die Piloten hatten Spaß dabei, das Büro zu besuchen.",226
de,"So, gut ich, äh, wie auch immer, äh, äh, dies sind die drei, äh, U2 Piloten die, äh, President Kennedy's Büro in Washington mit General May.",General May ging nie ins Büro des Präsidenten Kennedy.,227
de,"So, gut ich, äh, wie auch immer, äh, äh, dies sind die drei, äh, U2 Piloten die, äh, President Kennedy's Büro in Washington mit General May.",Dies ist General May und drei U2 Piloten im Büro von Präsident Kennedy.,228
de,"Bevor du mir den Hintern versohlst, wieso lässt du mich nicht erst ein großes Glas Schokoladenmilch trinken?",Ich kann keine Milch trinken.,229
de,"Bevor du mir den Hintern versohlst, wieso lässt du mich nicht erst ein großes Glas Schokoladenmilch trinken?",Ich hätte gerne ein Glas Kakao.,230
de,"Bevor du mir den Hintern versohlst, wieso lässt du mich nicht erst ein großes Glas Schokoladenmilch trinken?","Ich würde gerne etwas Schokoladenmilch trinken und ein wenig entspannen, da ich weiß, dass ich es vermasselt habe.",231
de,Und dann nachdem du alles eingetragen hast kannst du von dort weitermachen.,"Sie können fortfahren, nachdem Sie alles eingegeben haben.",232
de,Und dann nachdem du alles eingetragen hast kannst du von dort weitermachen.,Sie können fortfahren sobald sie die Informationen in die Datenbank eingegeben haben.,233
de,Und dann nachdem du alles eingetragen hast kannst du von dort weitermachen.,Du solltest jetzt aufhören.,234
de,"Aber, äh, denk drüber nach.",Ich denke oft darüber.,250
de,"Aber, äh, denk drüber nach.","Es ist nichts, worüber du nachdenken möchtest.",251
de,"Aber, äh, denk drüber nach.",Es regt zum Nachdenken an.,252
de,"Sie nahmen Joe mit, und meine Oma sagte, sie sagte, es sei eine so traurige Zeit im Haus, weil jeder Joe vermisse und sie nicht wüssten, was zu tun sei.",Jeder in dem Haus hat gemopt weil sie Joe so viel vermisst haben.,265
de,"Sie nahmen Joe mit, und meine Oma sagte, sie sagte, es sei eine so traurige Zeit im Haus, weil jeder Joe vermisse und sie nicht wüssten, was zu tun sei.",Alle waren so glücklich!,266
de,"Sie nahmen Joe mit, und meine Oma sagte, sie sagte, es sei eine so traurige Zeit im Haus, weil jeder Joe vermisse und sie nicht wüssten, was zu tun sei.",Joe starb und es wahr sehr traurig.,267
de,"Die Sachel war, es gab 158 Teile dazu und wir mussten es auseinanderbrechen, es wieder zusammenbauen, es kaputt machen und niemals einen Fehler machen.",Wir mussten es auseinander nehmen und neu zusammensetzen.,280
de,"Die Sachel war, es gab 158 Teile dazu und wir mussten es auseinanderbrechen, es wieder zusammenbauen, es kaputt machen und niemals einen Fehler machen.",Wir mussten die Jets auseinandernehmen und dann wieder zusammensetzen.,281
de,"Die Sachel war, es gab 158 Teile dazu und wir mussten es auseinanderbrechen, es wieder zusammenbauen, es kaputt machen und niemals einen Fehler machen.",Wir durften es überhaupt nicht berühren.,282
de,"Ich möchte mich nicht näher mit dem Dritten SS befassen, was Dritter Strategischer Support-Schwadron bedeutet.",Ich konnte nicht erwarten ins Dritte SS zu kommen.,286
de,"Ich möchte mich nicht näher mit dem Dritten SS befassen, was Dritter Strategischer Support-Schwadron bedeutet.",Ich will nicht Teil der Dritten SS sein.,287
de,"Ich möchte mich nicht näher mit dem Dritten SS befassen, was Dritter Strategischer Support-Schwadron bedeutet.",Die dritte SS ist die schlimmstmögliche Staffel.,288
de,Es gab nichts außer einer Wüste; dort war ein Salbeistrauch draußen auf dem Rollfeld.,Es war ein tropischer Regenwald.,289
de,Es gab nichts außer einer Wüste; dort war ein Salbeistrauch draußen auf dem Rollfeld.,Es war viel struppiges Laub in der Gegend.,290
de,Es gab nichts außer einer Wüste; dort war ein Salbeistrauch draußen auf dem Rollfeld.,"Da waren Steppenläufer, die über die Piste wehten.",291
de,"Er sagte keine Zeit mehr, also hat er mich dort sorgend gelassen und ich weiß nicht mal wenn es gebraucht wird.","Ich habe mir Sorgen gemacht, weil ich nicht wusste zu welcher Zeit.",316
de,"Er sagte keine Zeit mehr, also hat er mich dort sorgend gelassen und ich weiß nicht mal wenn es gebraucht wird.","Ich machte mir Sorgen, dass ich die Show verpassen würde, weil ich nicht wusste, um welche Uhrzeit sie stattfand.",317
de,"Er sagte keine Zeit mehr, also hat er mich dort sorgend gelassen und ich weiß nicht mal wenn es gebraucht wird.","Ich habe mir überhaupt keine Sorgen gemacht. Es würde genau dann passieren, wenn es passiert.",318
de,Er kommt aus Griechenland und er kommt aus einem kleinen Dorf in Griechenland namens Tokaleka und er kam nach Amerika und ich glaube es war 1969 oder 1970 und er heiratete kurz darauf.,"Er ist ein griechischer Mann, der kein Englisch spricht.",325
de,Er kommt aus Griechenland und er kommt aus einem kleinen Dorf in Griechenland namens Tokaleka und er kam nach Amerika und ich glaube es war 1969 oder 1970 und er heiratete kurz darauf.,Er ist ein Grieche.,326
de,Er kommt aus Griechenland und er kommt aus einem kleinen Dorf in Griechenland namens Tokaleka und er kam nach Amerika und ich glaube es war 1969 oder 1970 und er heiratete kurz darauf.,Er kommt aus Irland.,327
de,"Jedenfalls, ich habe Ramona zurückgerufen, weil ich eine Frage hatte, ich dachte mir: Okay, lass mich damit weitermachen und ich hatte eine Frage über etwas, das ich gemacht habe.","Ich habe mir nicht die Mühe gemacht, Ramona anzurufen.",328
de,"Jedenfalls, ich habe Ramona zurückgerufen, weil ich eine Frage hatte, ich dachte mir: Okay, lass mich damit weitermachen und ich hatte eine Frage über etwas, das ich gemacht habe.","Ich bekam nie die Gelegenheit, die Frage zu stellen.",329
de,"Jedenfalls, ich habe Ramona zurückgerufen, weil ich eine Frage hatte, ich dachte mir: Okay, lass mich damit weitermachen und ich hatte eine Frage über etwas, das ich gemacht habe.",Ich wollte Ramona eine Frage stellen.,330
de,Solche Kleinen dinge machten einen grossen Unterschied zu dem was ich versuchte zu tun.,Ich habe es nicht einmal versucht.,346
de,Solche Kleinen dinge machten einen grossen Unterschied zu dem was ich versuchte zu tun.,Ich habe versucht etwas zu erreichen.,347
de,Solche Kleinen dinge machten einen grossen Unterschied zu dem was ich versuchte zu tun.,Ich wollte mein Poster für den Unterricht fertigstellen und die neuen Marker haben dabei geholfen.,348
de,"Nun, da ist niemand da um mir zu helfen.",Ich kann das nicht alleine machen.,349
de,"Nun, da ist niemand da um mir zu helfen.","Es gibt dort jede Menge Leute, die mir helfen können.",350
de,"Nun, da ist niemand da um mir zu helfen.","Es gibt niemanden an diesem Ort, der mir behilflich sein könnte.",351
de,"Die CIA entlud den, den Film, brachte sie am nächsten Tag zu den Vereinten Nationen.",Die CIA hat den Film zur UN gebracht.,361
de,"Die CIA entlud den, den Film, brachte sie am nächsten Tag zu den Vereinten Nationen.",Die CIA behielt den Film für sich.,362
de,"Die CIA entlud den, den Film, brachte sie am nächsten Tag zu den Vereinten Nationen.","Die CIA war der Meinung, dass die UN den Film sofort sehen müsste.",363
de,"Ich habe ihm schon gesagt, ich habe versucht ihm zu erklären, dass ich enttäuscht war, weil ich nicht die ganze Information hatte die ich brauchte.",Ich sagte ihm ich wolle nichts anderes hören.,364
de,"Ich habe ihm schon gesagt, ich habe versucht ihm zu erklären, dass ich enttäuscht war, weil ich nicht die ganze Information hatte die ich brauchte.","Ich habe ihm gesagt, dass ich mehr Informationen brauchte, um zu entscheiden, was ich mit dem Job anfangen sollte.",365
de,"Ich habe ihm schon gesagt, ich habe versucht ihm zu erklären, dass ich enttäuscht war, weil ich nicht die ganze Information hatte die ich brauchte.","Ich sagte ihm, dass ich mehr Informationen bräuchte.",366
de,"Das ist warum ich die Universität nicht beendet habe, weil ich nie die Bücher gelesen habe die ich lesen sollte",Ich habe das College nicht abgeschlossen.,373
de,"Das ist warum ich die Universität nicht beendet habe, weil ich nie die Bücher gelesen habe die ich lesen sollte",Ich habe die Universität mit Auszeichnung abgeschlossen.,374
de,"Das ist warum ich die Universität nicht beendet habe, weil ich nie die Bücher gelesen habe die ich lesen sollte",Ich bin 2002 von der Schule geflogen.,375
de,"Ähm, sie haben also gerade die Stadt verlassen und sie, sie hat ihre Schwester nie wieder gesehen, ihre Schwester nie wieder gesehen.",Sie zog nach Texas und sah ihre Schwester nie wieder.,385
de,"Ähm, sie haben also gerade die Stadt verlassen und sie, sie hat ihre Schwester nie wieder gesehen, ihre Schwester nie wieder gesehen.",Sie sah ihre Schwester danach nie wieder.,386
de,"Ähm, sie haben also gerade die Stadt verlassen und sie, sie hat ihre Schwester nie wieder gesehen, ihre Schwester nie wieder gesehen.",Sie sah ihre Schwester jeden Tag.,387
de,"Also, Oma stand auf, lief etwa die Treppe hinunter zur Veranda hinaus und dann ist sie zur Straße gelaufen und stand dann einfach nur da.",Oma blieb auf der Veranda.,388
de,"Also, Oma stand auf, lief etwa die Treppe hinunter zur Veranda hinaus und dann ist sie zur Straße gelaufen und stand dann einfach nur da.",Oma ging 100 Meter vom Haus weg.,389
de,"Also, Oma stand auf, lief etwa die Treppe hinunter zur Veranda hinaus und dann ist sie zur Straße gelaufen und stand dann einfach nur da.",Oma ging vom Haus weg.,390
de,"Die Geschichte die ich heute erzähle ist über meinen Vater und die Kulturunterschiede die er erlebte, als er nach Amerika zog.",Ich möchte nicht über meine Eltern reden.,394
de,"Die Geschichte die ich heute erzähle ist über meinen Vater und die Kulturunterschiede die er erlebte, als er nach Amerika zog.",Ich werde dir von der Erfahrung meines Vaters als Immigrant erzählen.,395
de,"Die Geschichte die ich heute erzähle ist über meinen Vater und die Kulturunterschiede die er erlebte, als er nach Amerika zog.","Ich werde dir erzählen, was passiert ist, als mein Vater aus Mexiko hergezogen ist.",396
de,"Es war schon eine kulturelle Gegend, doch die Vororte waren weiterhin dominant.",Es war alles sehr städtisch.,403
de,"Es war schon eine kulturelle Gegend, doch die Vororte waren weiterhin dominant.",Der größte Teil der Gegend war mit billigen Häusern übersäht.,404
de,"Es war schon eine kulturelle Gegend, doch die Vororte waren weiterhin dominant.",Der Großteil der Gegend war Vorstadt.,405
de,"Und dann hörte ich ihn gehen, also mache ich immer noch das was ich tun muss.","Ich mache, was ich heute tun muss.",406
de,"Und dann hörte ich ihn gehen, also mache ich immer noch das was ich tun muss.","Ich erledige die wichtigen Aufgaben, die mir heute Morgen übertragen wurden.",407
de,"Und dann hörte ich ihn gehen, also mache ich immer noch das was ich tun muss.",Ich werde mich nicht darum kümmern.,408
de,"Und sie fanden das Haus oder dieses Wohngebäude oder was auch immer es war, wo sie leben konnten, und es war am Rande der Broad Street.",Sie wohnten in einem weißen Haus in der Broad Street.,412
de,"Und sie fanden das Haus oder dieses Wohngebäude oder was auch immer es war, wo sie leben konnten, und es war am Rande der Broad Street.",Sie lebten in der Broad Street.,413
de,"Und sie fanden das Haus oder dieses Wohngebäude oder was auch immer es war, wo sie leben konnten, und es war am Rande der Broad Street.",Sie lebten in einem Zelt in der Hauptstraße.,414
de,Es würde ohne den Auslöser nicht explodieren.,Der Auslöser lässt es explodieren.,433
de,Es würde ohne den Auslöser nicht explodieren.,Der Auslöser lässt die Bombe explodieren.,434
de,Es würde ohne den Auslöser nicht explodieren.,Es gibt keinen Auslöser zum Ziehen.,435
de,"Und als sie ihr gesagt haben, dass sie zusammen mit diesem Typen nach Hause fahren muss, sagte sie: mit ihm nach Hause fahren?","Sie sagten, sie könnten noch nirgends hin gehen",472
de,"Und als sie ihr gesagt haben, dass sie zusammen mit diesem Typen nach Hause fahren muss, sagte sie: mit ihm nach Hause fahren?","Sie sagten ihr, dass sie mit dem Mann schlafen müsste.",473
de,"Und als sie ihr gesagt haben, dass sie zusammen mit diesem Typen nach Hause fahren muss, sagte sie: mit ihm nach Hause fahren?","Sie sagten ihr, sie solle mit dem Mann mit gehen.",474
de,"Und unser Vater sagte uns immer, wir sollten nicht sagen, dass sie Tiere sind.","Unser Vater sagte, wir sollen sie nicht Tiere nennen.",478
de,"Und unser Vater sagte uns immer, wir sollten nicht sagen, dass sie Tiere sind.","Unser Vater sagte, sie seien Tiere.",479
de,"Und unser Vater sagte uns immer, wir sollten nicht sagen, dass sie Tiere sind.","Unser Vater sagte, sie seien Kreaturen, keine Tiere.",480
de,"Es ist mir egal, wenn Sie darüber nichts wissen.","Ich weiß, dass du nicht davno besessen bist.",484
de,"Es ist mir egal, wenn Sie darüber nichts wissen.","Ich denke, du solltest deine Meinung ändern und dich sehr dafür interessieren!",485
de,"Es ist mir egal, wenn Sie darüber nichts wissen.","Ich mache mir keine Sorgen, wenn Sie nichts davon wissen.",486
de,"Obwohl ich nicht sehe, wie er von mir erwartet haben könnte, es getan zu haben.","Ich verstehe nicht, warum er erwartete, dass ich die Zeichnung heute fertigstelle",493
de,"Obwohl ich nicht sehe, wie er von mir erwartet haben könnte, es getan zu haben.","Ich verstehe nicht , warum er dachte, dass ich es beenden würde.",494
de,"Obwohl ich nicht sehe, wie er von mir erwartet haben könnte, es getan zu haben.","Ich weiß, er wusste, dass ich das heute Abend nicht beenden würde.",495
de,"Ich habe es nie gesehen und weiß noch nicht warum, außer wenn es nur die, die, die Notwendigkeit aus, aus, ausdrückt, zu wissen, was du tust und was auch immer.",Ich habe es nicht gesehen.,505
de,"Ich habe es nie gesehen und weiß noch nicht warum, außer wenn es nur die, die, die Notwendigkeit aus, aus, ausdrückt, zu wissen, was du tust und was auch immer.","Ich habe nicht gesehen, was die Person am Montag getan hat.",506
de,"Ich habe es nie gesehen und weiß noch nicht warum, außer wenn es nur die, die, die Notwendigkeit aus, aus, ausdrückt, zu wissen, was du tust und was auch immer.",Ich sah jeden Teil davon!,507
de,Sie stellten ein paar Fragen und ich antwortete ihnen und sie sagten: Nimm dein Gepäck und verschwinde sofort und komm zu der Adresse and der du in Washington ankamst.,"Sie sagten mir, ich solle zu Hause bleiben.",517
de,Sie stellten ein paar Fragen und ich antwortete ihnen und sie sagten: Nimm dein Gepäck und verschwinde sofort und komm zu der Adresse and der du in Washington ankamst.,"Sie haben mir gesagt, ich soll mein Gepäck holen.",518
de,Sie stellten ein paar Fragen und ich antwortete ihnen und sie sagten: Nimm dein Gepäck und verschwinde sofort und komm zu der Adresse and der du in Washington ankamst.,"Sie sagten mir, ich solle meinen weißen Koffer abholen.",519
de,"Wir wollten herausfinden, dass es sich um ein U2 Flugzeug handelte, aber das wir konnten nicht, wir konnten kein Wort darüber verlieren was es war; nichts zu unseren Frauen, Kindern oder irgendjemand anderem.","Wir konnten niemandem sagen, dass das U2 gelandet war.",523
de,"Wir wollten herausfinden, dass es sich um ein U2 Flugzeug handelte, aber das wir konnten nicht, wir konnten kein Wort darüber verlieren was es war; nichts zu unseren Frauen, Kindern oder irgendjemand anderem.",Wir haben jedem davon erzählt.,524
de,"Wir wollten herausfinden, dass es sich um ein U2 Flugzeug handelte, aber das wir konnten nicht, wir konnten kein Wort darüber verlieren was es war; nichts zu unseren Frauen, Kindern oder irgendjemand anderem.","Uns war es nicht gestattet, über die U2 zu reden.",525
de,"Wenn Ihre Hand außerhalb des Druckanzugs liegt, würden Ihre Hände etwa fünf Mal so groß sein, wenn Sie eine Dekompression hätten.",Ihre Haut würde sich nicht verändern.,538
de,"Wenn Ihre Hand außerhalb des Druckanzugs liegt, würden Ihre Hände etwa fünf Mal so groß sein, wenn Sie eine Dekompression hätten.","Die Größe deiner Hand könnte sich verändern, würde sie außerhalb des Anzugs enblößt.",539
de,"Wenn Ihre Hand außerhalb des Druckanzugs liegt, würden Ihre Hände etwa fünf Mal so groß sein, wenn Sie eine Dekompression hätten.","Deine Hand schlagartig um ein vielfaches wachsen, wenn du auf dem Mond wärst, und du sie aus dem Anzug stecken würdest.",540
de,"Gibt es einen Grund, warum sie es dir nicht gesagt hat?","Ich weiß, es gibt keinen Grund, warum sie es dir nicht sagen würde.",541
de,"Gibt es einen Grund, warum sie es dir nicht gesagt hat?",Warum sollte sie dir nichts davon erzählen?,542
de,"Gibt es einen Grund, warum sie es dir nicht gesagt hat?",Warum hat sie dir nichts von dem Baby erzählt?,543
de,"Sie hatten beschlossen, nach New York zu fahren, um Verwandte dieses, dieses Cousins zu besuchen, und sie blieben einfach und er wusste nicht, wie er zurück kommen würde, also blieb er einfach bei ihnen.",Er hat seine Familie nie besucht.,544
de,"Sie hatten beschlossen, nach New York zu fahren, um Verwandte dieses, dieses Cousins zu besuchen, und sie blieben einfach und er wusste nicht, wie er zurück kommen würde, also blieb er einfach bei ihnen.",Er blieb mit seiner Familie in Brooklyn.,545
de,"Sie hatten beschlossen, nach New York zu fahren, um Verwandte dieses, dieses Cousins zu besuchen, und sie blieben einfach und er wusste nicht, wie er zurück kommen würde, also blieb er einfach bei ihnen.",Er blieb bei ihnen in New York.,546
de,"Nein, es war nur dieses eine Mal am Morgen und sie sagte, dass sie zurück ins Büro kommen würde.","Sie hat nicht erwähnt, ob sie zurückkommen würde oder nicht.",550
de,"Nein, es war nur dieses eine Mal am Morgen und sie sagte, dass sie zurück ins Büro kommen würde.","Sie sagte, sie würde später zurückkehren.",551
de,"Nein, es war nur dieses eine Mal am Morgen und sie sagte, dass sie zurück ins Büro kommen würde.","Sie sagte, dass sie nach Nachmittagsessen zurückkehren würde.",552
de,"Wir wussten nicht, was eine U2 war und niemand wusste irgendetwas über eine U2.","Wir wussten nicht, was zum Teufel ein u2 war.",553
de,"Wir wussten nicht, was eine U2 war und niemand wusste irgendetwas über eine U2.","Wir wussten nicht, was wir das Ding nennen sollten, das wir in der Luft sahen.",554
de,"Wir wussten nicht, was eine U2 war und niemand wusste irgendetwas über eine U2.",Wir wussten alles über die U2!,555
de,"Meine Großmutter wurde 1910 geboren, sie war ein kleines Mädchen.",Meine Oma wurde 10 Jahre nach der Jahrhundertwende geboren.,589
de,"Meine Großmutter wurde 1910 geboren, sie war ein kleines Mädchen.",Meine Oma wurde 1899 geboren.,590
de,"Meine Großmutter wurde 1910 geboren, sie war ein kleines Mädchen.",Meine Großmutter wurde am 1. Juli 1910 geboren.,591
de,Blieb er danach in Augusta?,Blieb er in Augusta?,601
de,Blieb er danach in Augusta?,Ist er nach den Aufständen in Augusta geblieben ?,602
de,Blieb er danach in Augusta?,"Ich weiß, dass er Augusta sofort verließ.",603
de,"Wie dem auch sei, wir hatten ungefähr äh, ah, ich erinnere mich nicht an die Zahlen.","Ich kann mich nicht erinnern, wie viele wir hatten.",607
de,"Wie dem auch sei, wir hatten ungefähr äh, ah, ich erinnere mich nicht an die Zahlen.","Ich kann mich nicht daran erinnern, wie viele Arbeiter wir hatten.",608
de,"Wie dem auch sei, wir hatten ungefähr äh, ah, ich erinnere mich nicht an die Zahlen.",Ich kenne die genauen Zahlen für alles,609
de,"Wie auch immer, Ich habe also schluss gemacht und bin um 6.30 heim gekommen, das war mein Tag.",Ich habe mich dazu entschieden mittags nach Hause zu kommen und mir den Rest des Tages frei zu nehmen.,622
de,"Wie auch immer, Ich habe also schluss gemacht und bin um 6.30 heim gekommen, das war mein Tag.",Ich habe heute nach 6:30 nichts von Bedeutung getan.,623
de,"Wie auch immer, Ich habe also schluss gemacht und bin um 6.30 heim gekommen, das war mein Tag.","Ich habe den größten Teil des Tages damit verbracht, mich um ein kompliziertes Problem bei der Kundenabrechnung zu kümmern.",624
de,"Und so setzte sie sich wieder hin, und, weißt du, sie plauderten immer noch, und sie konnten diese Person immer noch sehen, und diese Person ging wirklich sehr schnell.","Sie redete weiter mit ihren Kollegen über den Typen, der weggerannt war.",628
de,"Und so setzte sie sich wieder hin, und, weißt du, sie plauderten immer noch, und sie konnten diese Person immer noch sehen, und diese Person ging wirklich sehr schnell.",Sie redete weiter.,629
de,"Und so setzte sie sich wieder hin, und, weißt du, sie plauderten immer noch, und sie konnten diese Person immer noch sehen, und diese Person ging wirklich sehr schnell.",Sie blieb still und schaute runter auf ihren Schreibtisch,630
de,"Und, ähm, wenn es anschwoll und einfach weiter schwoll, machte es 'whish' als würde es dir den Kopf abziehen.","Wenn es zu einem Stromstoß kommt, ist das für alle in der Nähe sehr gefährlich.",634
de,"Und, ähm, wenn es anschwoll und einfach weiter schwoll, machte es 'whish' als würde es dir den Kopf abziehen.","Wenn es einen Aufstand gibt, wird dieser von Lärm begleitet.",635
de,"Und, ähm, wenn es anschwoll und einfach weiter schwoll, machte es 'whish' als würde es dir den Kopf abziehen.",Es wird nur einmal hochgehen.,636
de,Ich habe nicht genug Information.,"Ich habe alle Informationen, die ich jemals brauchen könnte.",640
de,Ich habe nicht genug Information.,"ch brauche mehr Informationen, um zu entscheiden, welche Art von Auto ich kaufen möchte.",641
de,Ich habe nicht genug Information.,Ich muss mehr Informationen über diese Sache sammeln.,642
de,"Ich ruf dich in etwa einer Stunde zurück, sagt er.","Er sagte, er würde anrufen, sobald er zu Hause ankommt.",646
de,"Ich ruf dich in etwa einer Stunde zurück, sagt er.","Er sagte, er würe zurückrufen.",647
de,"Ich ruf dich in etwa einer Stunde zurück, sagt er.",Er sagte dass sie fertig mit reden sind.,648
de,"Natürlich haben sie mich dort gefragt, warum ich ging.",Sie fragten mich warum ich dort hin ging.,649
de,"Natürlich haben sie mich dort gefragt, warum ich ging.","Sie fragten, warum ich in den Laden ging.",650
de,"Natürlich haben sie mich dort gefragt, warum ich ging.","Sie fragten, warum ich zu Hause geblieben sei.",651
de,Ich musste anfagen Seminare zu belegen.,Ich brauchte keine Vorbereitung.,691
de,Ich musste anfagen Seminare zu belegen.,"Ich musste lernen, wie man den Hindernislauf absolviert.",692
de,Ich musste anfagen Seminare zu belegen.,"Ich musste beginnen, mich vorzubereiten.",693
de,"Nun, ich bin an meinen, meinen Schreibtisch zurückgekehrt.","Ich weigerte mich, mich wieder zu setzen.",697
de,"Nun, ich bin an meinen, meinen Schreibtisch zurückgekehrt.",Ich kehrte zu meinem Platz zurück.,698
de,"Nun, ich bin an meinen, meinen Schreibtisch zurückgekehrt.","Ich ging zurück und setzte mich, weil mein Chef es mir gesagt hatte.",699
de,So wurde es klassifiziert.,"Wenn jemand die Informationen hören würde, würde er eingesperrt werden.",703
de,So wurde es klassifiziert.,Es war eine öffentlich bekannte Information.,704
de,So wurde es klassifiziert.,Es war sehr klassifiziert.,705
de,Sie wollten nicht gefangen bleiben.,"Sie wurden an einem Punkt gefangen, doch sie wollten entkommen.",715
de,Sie wollten nicht gefangen bleiben.,Sie sind zu Bezug eine frische Räuberei gefangen halten sein.,716
de,Sie wollten nicht gefangen bleiben.,"Sie hatten alle Angst davor, aus der Haft entlassen zu werden.",717
de,"Ich brauchte also ein oder zwei Stunden, nur um alles benötigte zu finden.",Ich habe es in nur ein paar Sekunden gefunden.,718
de,"Ich brauchte also ein oder zwei Stunden, nur um alles benötigte zu finden.","Es hat mich eine Menge Zeit gekostet, da das Buch sehr umfangreich und verwirrend war.",719
de,"Ich brauchte also ein oder zwei Stunden, nur um alles benötigte zu finden.","Es hat eine Weile gedauert, bis ich es gefunden hatte.",720
de,"Die physiologische Unterstützung unterscheidet sich von der Lebenserhaltung darin dass er die Höhenkammern behandelt, worin die Piloten bis zu 80.000 Fuß in Höhenkammern führen, und ihn zurückbringt.",Piloten werden in Höhenkammern getestet.,721
de,"Die physiologische Unterstützung unterscheidet sich von der Lebenserhaltung darin dass er die Höhenkammern behandelt, worin die Piloten bis zu 80.000 Fuß in Höhenkammern führen, und ihn zurückbringt.",Piloten müssen ungefähr 20 Mal im Monat in Höhenkammern getestet werden.,722
de,"Die physiologische Unterstützung unterscheidet sich von der Lebenserhaltung darin dass er die Höhenkammern behandelt, worin die Piloten bis zu 80.000 Fuß in Höhenkammern führen, und ihn zurückbringt.",Die Höhenkammer ist wegefallen.,723
de,"Und, äh, sie sind in die Innenstadt gezogen, und da war, äh, und es ist immer noch so in Augusta, diese große Straße in der Innenstadt hieß Broad Street, und es war wirklich nur diese breite Straße in einer Innenstadt.",Sie verließen Augusta und gingen nach Atlanta.,727
de,"Und, äh, sie sind in die Innenstadt gezogen, und da war, äh, und es ist immer noch so in Augusta, diese große Straße in der Innenstadt hieß Broad Street, und es war wirklich nur diese breite Straße in einer Innenstadt.",Sie gingen in die Innenstadt zur Hauptstraße.,728
de,"Und, äh, sie sind in die Innenstadt gezogen, und da war, äh, und es ist immer noch so in Augusta, diese große Straße in der Innenstadt hieß Broad Street, und es war wirklich nur diese breite Straße in einer Innenstadt.",Sie gingen zu der Straße mit den meisten Restaurants und Bars.,729
de,Das war mein Fehler.,Ich habe es ohne Fehler gemacht.,733
de,Das war mein Fehler.,"Ich habe einen Fehler gemacht, als ich die Formulare eingesendet habe.",734
de,Das war mein Fehler.,Ich habe einen Fehler gemacht.,735
de,"Und sie so, aber du musst hierhin schauen, schau hierhin, sie gibt mir drei verschiedene Stellen wo ich im Computer nachschauen soll.",Sie wusste nicht wo sie nachgucken sollte.,739
de,"Und sie so, aber du musst hierhin schauen, schau hierhin, sie gibt mir drei verschiedene Stellen wo ich im Computer nachschauen soll.","Sie sagte mir, die Ordner würden auf dem Schreibtisch sein.",740
de,"Und sie so, aber du musst hierhin schauen, schau hierhin, sie gibt mir drei verschiedene Stellen wo ich im Computer nachschauen soll.","Sie hat mir gesagt, wo ich suchen soll.",741
de,"Oh, es war Snake River oh Snake River mit vielen Schlangen drin",Trotz seines Namens gibt es im Snake River tatsächlich keine Schlangen. Seinen Namen schuldet er seiner S-Form.,769
de,"Oh, es war Snake River oh Snake River mit vielen Schlangen drin",Snake River hat viele Schnappschildkröten.,770
de,"Oh, es war Snake River oh Snake River mit vielen Schlangen drin",Snake River ist voller Schlangen.,771
de,"Ja, ich bin in einer Kreditgenossenschaft.","Ich habe eine Kreditgenossenschaft, zu der ich gehe.",772
de,"Ja, ich bin in einer Kreditgenossenschaft.",Ich besuche häufig meine Kreditgenossenschaft.,773
de,"Ja, ich bin in einer Kreditgenossenschaft.",Was ist eine Kreditgenossenschaft?,774
de,"genau, es ist ein aktiver Zustand, es ist nichts, worin du sozusagen passiv involviert sein kannst und erwarten kannst, irgendwie gut darin zu sein. Ich glaube nicht.","Ich denke, man muss 10 Stunden am Tag investieren, um gut darin zu sein.",775
de,"genau, es ist ein aktiver Zustand, es ist nichts, worin du sozusagen passiv involviert sein kannst und erwarten kannst, irgendwie gut darin zu sein. Ich glaube nicht.","Ich denke, man muss sich dem vollständig widmen, um es gut zu machen.",776
de,"genau, es ist ein aktiver Zustand, es ist nichts, worin du sozusagen passiv involviert sein kannst und erwarten kannst, irgendwie gut darin zu sein. Ich glaube nicht.","Ich habe kein Problem damit, wenn du dass nicht ehrlich nimmst.",777
de,und das was ich denke wird sehr interessant sein was wir diesbezüglich tun. Ich meine wir müssen unsere Representanten wechseln.,"Ich weiß einfach, dass es so langweilig sein wird und nicht wert, die zu ändern, die uns repräsentieren, daher sollten wir gar nicht erst versuchen sie zu ändern.",793
de,und das was ich denke wird sehr interessant sein was wir diesbezüglich tun. Ich meine wir müssen unsere Representanten wechseln.,"Ich denke, es wird eine Herausforderung sein, unsere Vertreter zu wechseln, aber am Ende lohnt es sich.",794
de,und das was ich denke wird sehr interessant sein was wir diesbezüglich tun. Ich meine wir müssen unsere Representanten wechseln.,"Wir müssen Änderungen vornehmen zu denen, die uns repräsentieren.",795
de,und sie können auch sehr nett sein nachdem sie trainiert werden,"Sie werden hart und kalt, wenn sie das Training abgeschlossen haben.",799
de,und sie können auch sehr nett sein nachdem sie trainiert werden,Sie ändern sich schnell während sie an einem Training teilnehmen.,800
de,und sie können auch sehr nett sein nachdem sie trainiert werden,"Während sie ausgebildet werden, können sie sehr angenehm sein.",801
de,und es kann noch zehn zwanzig Jahre  weitergehen ich ich finde das ist ein bisschen lächerlich,"Ich finde es verrückt, dass ein Rechtsstreit so viele Jahre anhalten kann.",805
de,und es kann noch zehn zwanzig Jahre  weitergehen ich ich finde das ist ein bisschen lächerlich,"Ich finde es irre, dass es so lange dauert.",806
de,und es kann noch zehn zwanzig Jahre  weitergehen ich ich finde das ist ein bisschen lächerlich,Es dauert nur eine Woche.,807
de,Ja du musst ein kabelloses gehabt haben,"Korrekt, das, dass Sie hatten war schnurlos.",817
de,Ja du musst ein kabelloses gehabt haben,"Der, den du hattest, war definitiv nur eine Kabelversion.",818
de,Ja du musst ein kabelloses gehabt haben,Sie hatten vielleicht eines mit einer optionalen Schnur.,819
de,Meinst du die Lehrer oder die Eltern,"Behaupten Sie, dass die Studenten oder die Hilfslehrkraft es getan haben?",826
de,Meinst du die Lehrer oder die Eltern,Ist es die Lehrer oder die Eltern?,827
de,Meinst du die Lehrer oder die Eltern,Was impliziert du über die Eltern und die Lehrer?,828
de,"Nebenbei, wahrscheinlich würde ich etwas anschauen eh vielleicht ein V6",Ich denke darüber nach mir eine V6 anzuschauen.,835
de,"Nebenbei, wahrscheinlich würde ich etwas anschauen eh vielleicht ein V6","Ich denke, dass ein V6 die beste Lösung ist.",836
de,"Nebenbei, wahrscheinlich würde ich etwas anschauen eh vielleicht ein V6",Ich würde niemals über einen V6 nachdenken.,837
de,"Nun, ich denke, es würde … . Ich denke, … . Also gut, ich weiß es nicht. Ich, ich, ich habe wirklich nicht alle meine Gefühle im Bezug auf die Drogentests geordnet. Mh, ich bin mir total sicher, dass ich nie in Betracht ziehen würde, Drogen zu nehmen.","Ich bin stark gegen Drogentests, es gibt keinen Zweifel für mich.",841
de,"Nun, ich denke, es würde … . Ich denke, … . Also gut, ich weiß es nicht. Ich, ich, ich habe wirklich nicht alle meine Gefühle im Bezug auf die Drogentests geordnet. Mh, ich bin mir total sicher, dass ich nie in Betracht ziehen würde, Drogen zu nehmen.",Ich schätze dass ich in Ordnung mit einem Drogentest wäre.,842
de,"Nun, ich denke, es würde … . Ich denke, … . Also gut, ich weiß es nicht. Ich, ich, ich habe wirklich nicht alle meine Gefühle im Bezug auf die Drogentests geordnet. Mh, ich bin mir total sicher, dass ich nie in Betracht ziehen würde, Drogen zu nehmen.","Ich denke schon, aber ich habe meine Gefühle in Bezug auf Drogentests nicht endgütlig abgewogen.",843
de,"sich darum kümmern, wie die nationalen Nachrichten das Gebiet beeinflussen","Besorgt darüber, dass die Orte der Region von überregionalen Nachrichten beeinflusst werden.",865
de,"sich darum kümmern, wie die nationalen Nachrichten das Gebiet beeinflussen","Es ist mir egal, was die nationalen Nachrichten für Sorgen über unsere lokalen Gebiete abdecken.",866
de,"sich darum kümmern, wie die nationalen Nachrichten das Gebiet beeinflussen",Die nationalen Nachrichtenagenturen lassen unsere lokalen Orte rückschrittlich erscheinen.,867
de,"aber nein, wir tragen für gewöhnlich Rock und Rock mit Bluse oder Hosenanzüge oder Kleider, das sieht man hier unten, deshalb ist es angenehm von zu Hause zu arbeiten, weil ich Hosen tragen kann.","Ich ziehe mich nicht schick an, wenn ich zu Hause arbeite.",883
de,"aber nein, wir tragen für gewöhnlich Rock und Rock mit Bluse oder Hosenanzüge oder Kleider, das sieht man hier unten, deshalb ist es angenehm von zu Hause zu arbeiten, weil ich Hosen tragen kann.",Wenn ich zu Hause arbeite trage ich nichts als Jogginganzüge.,884
de,"aber nein, wir tragen für gewöhnlich Rock und Rock mit Bluse oder Hosenanzüge oder Kleider, das sieht man hier unten, deshalb ist es angenehm von zu Hause zu arbeiten, weil ich Hosen tragen kann.","Auch wenn ich zu Hause arbeite trage ich Kleider, weil ich mich schicker fühle.",885
de,"Ja, es hat seinen Reiz einen Ort zum Leben zu haben, den ich nicht kenne.",Einen Ort zum Leben zu haben ist wie ein Traum der wahr wird.,895
de,"Ja, es hat seinen Reiz einen Ort zum Leben zu haben, den ich nicht kenne.","Es ist mir egal, ob ich einen Platz zum Leben habe.",896
de,"Ja, es hat seinen Reiz einen Ort zum Leben zu haben, den ich nicht kenne.","Es ist schön, einen Ort zum Leben zu haben.",897
de,"ja ja ich du weisst ich ich würde mich nicht einmal so viel kümmern wenn sie eine ähm Gesellschft hätten, die finanziert wird","Es würde einfach herauszufinden, wenn das Unternehmen finzinaziert war.",898
de,"ja ja ich du weisst ich ich würde mich nicht einmal so viel kümmern wenn sie eine ähm Gesellschft hätten, die finanziert wird","Es würde mich ärgern, herauszufinden, dass sie das Unternehmen finanziert hatten.",899
de,"ja ja ich du weisst ich ich würde mich nicht einmal so viel kümmern wenn sie eine ähm Gesellschft hätten, die finanziert wird","Es würde mich nicht stören, wenn das Unternehmen finanziert wäre.",900
de,"Ja, es ist unseres hier oben, wir haben unsere ländlichen Verbindungen die sind aber wirklich schlecht.",Die Verbindungen in der Gegend sind manchmal okay.,916
de,"Ja, es ist unseres hier oben, wir haben unsere ländlichen Verbindungen die sind aber wirklich schlecht.",Wir bekommen hier keine gute Verbindung.,917
de,"Ja, es ist unseres hier oben, wir haben unsere ländlichen Verbindungen die sind aber wirklich schlecht.",Wir haben in dieser Gegend die besten Verbindungen.,918
de,"und ähm, irgendwie mag ich die Black Eyed Peas, aber ich glaube nicht, dass es eine Kette ist",Ich kann die Black Eyed Peas nicht ausstehen.,922
de,"und ähm, irgendwie mag ich die Black Eyed Peas, aber ich glaube nicht, dass es eine Kette ist",Ich könnte später die Black Eyed Pea sehen.,923
de,"und ähm, irgendwie mag ich die Black Eyed Peas, aber ich glaube nicht, dass es eine Kette ist",The Black Eyed Pea ist symaptaisch. Ich glaube es ist korporativ.,924
de,"Auf der anderen Seite haben wir vieleWaschbären, Opossums ud Schildkröten gegessen haben.",Ich esse kein Fleisch.,931
de,"Auf der anderen Seite haben wir vieleWaschbären, Opossums ud Schildkröten gegessen haben.","Ich habe ungewöhnliche Tiere wie Schildkröte, Waschbär und Opossum gegessen.",932
de,"Auf der anderen Seite haben wir vieleWaschbären, Opossums ud Schildkröten gegessen haben.",Ich habe viele verschiedene Arten von Tieren zum Essen ausprobiert.,933
de,"einer der Vorteile, die wir genießen ist natürlich Reisen",Reisen ist mein Lieblingsteil davon.,937
de,"einer der Vorteile, die wir genießen ist natürlich Reisen","Reisen ist ein Vorzug, den wir bekommen.",938
de,"einer der Vorteile, die wir genießen ist natürlich Reisen",Wir bekommen keine Vorteile.,939
de,Es ist es ist wirklich schlimm es äh ich,"Ich habe gehört, dass es nicht gut ist.",958
de,Es ist es ist wirklich schlimm es äh ich,Es ist furchtbar.,959
de,Es ist es ist wirklich schlimm es äh ich,Es ist überhaupt nicht schlecht.,960
de,"Ja, es war ziemlich vernünftig","Nein, ich denke, das ist wahnsinnig und höchst irrational.",964
de,"Ja, es war ziemlich vernünftig","Ja, es war sehr akzeptabel.",965
de,"Ja, es war ziemlich vernünftig","Ja, wir geben zu, dass es schwierig war, aber, dass es trotzdem im Endeffekt sehr gut geglückt ist.",966
de,Also äh wir treffen uns normalerweise in der Hütte meines Onkels in der äh am See und verbrigen ein paar Tage dort,Wir gehen für ein paar Tage zur Cottage.,967
de,Also äh wir treffen uns normalerweise in der Hütte meines Onkels in der äh am See und verbrigen ein paar Tage dort,Wir gehen zur Hütte in Minnesota.,968
de,Also äh wir treffen uns normalerweise in der Hütte meines Onkels in der äh am See und verbrigen ein paar Tage dort,Wir waren noch nie in der Hütte.,969
de,"genau und ich war sehr geschmeichelt, bis sie mir sagte, für welche Firma sie arbeitete",Ich mag die Firma in der sie angestellt ist nicht.,973
de,"genau und ich war sehr geschmeichelt, bis sie mir sagte, für welche Firma sie arbeitete",Sie schmeichelte mir überhaupt nicht.,974
de,"genau und ich war sehr geschmeichelt, bis sie mir sagte, für welche Firma sie arbeitete","Sie gab mir ein gutes Gefühl, bis ich herausfand, mit wem sie zusammen war.",975
de,"Hast du, die Firma, gelesen?",Hast du Die Firma gelesen?,976
de,"Hast du, die Firma, gelesen?",Haben Sie The Soft gelesen?,977
de,"Hast du, die Firma, gelesen?",Möchtest du mein Exemplar von The Firm zum Lesen ausleihen?,978
de,"Ja und wir haben es irgendwie behalten, äh irgendwie äh, es war eine Überraschungs-Geburtstagsparty für sie, das war es",Sie liebte die Überraschungsfeier.,979
de,"Ja und wir haben es irgendwie behalten, äh irgendwie äh, es war eine Überraschungs-Geburtstagsparty für sie, das war es",Wir haben nichts für ihren Geburtstag getan.,980
de,"Ja und wir haben es irgendwie behalten, äh irgendwie äh, es war eine Überraschungs-Geburtstagsparty für sie, das war es",Wir haben eine Überraschungsgeburtstagsfeier für sie geschmissen.,981
de,"Ich weiß nicht, weil du aus Texas kommst, bist du wahrscheinlich, ich weiß nicht, ich sollte keine stereo typen machen aber Waffen Kontrolle ist wahrscheinlich sehr verpönt dort unten, denke ich.",Waffenkontrolle ist wahrscheinlich in Texas nicht populär.,988
de,"Ich weiß nicht, weil du aus Texas kommst, bist du wahrscheinlich, ich weiß nicht, ich sollte keine stereo typen machen aber Waffen Kontrolle ist wahrscheinlich sehr verpönt dort unten, denke ich.","Ich glaube nicht, dass eine Regulation des Waffenbesitzes Leute in Texas verärgern würde.",989
de,"Ich weiß nicht, weil du aus Texas kommst, bist du wahrscheinlich, ich weiß nicht, ich sollte keine stereo typen machen aber Waffen Kontrolle ist wahrscheinlich sehr verpönt dort unten, denke ich.",Texas sollte stärkere Waffenkontrollgesetze haben.,990
de,"Ähm ja sie ist großartig, sie hat Charakter, sie setzt sich neben jeden und sie spielt auch mit jedem.",Sie ist bereit zu sitzen oder mit jemandem zu spielen.,991
de,"Ähm ja sie ist großartig, sie hat Charakter, sie setzt sich neben jeden und sie spielt auch mit jedem.","Normalerweise spielt sie Poker oder Blackjack, aber manchmal spielt sie auch Scrabble.",992
de,"Ähm ja sie ist großartig, sie hat Charakter, sie setzt sich neben jeden und sie spielt auch mit jedem.","Sie weigert sich, neben jemandem zu sitzen, den sie noch nicht kennt.",993
de,"Natürlich kann es die Kriminalität steigern, weisst du und Leute gehen hin und klauen deinen Fernseher und verkaufen ihn wieder, nur weil sie nicht mehr arbeiten können, weisst du","Menschen werden arbeiten, wenn sie die Gelegenheit dazu haben.",997
de,"Natürlich kann es die Kriminalität steigern, weisst du und Leute gehen hin und klauen deinen Fernseher und verkaufen ihn wieder, nur weil sie nicht mehr arbeiten können, weisst du",Das könnte die Kriminalitätsrate erhöhen.,998
de,"Natürlich kann es die Kriminalität steigern, weisst du und Leute gehen hin und klauen deinen Fernseher und verkaufen ihn wieder, nur weil sie nicht mehr arbeiten können, weisst du",Das wird einen Rückgang der Kriminalität hervorrufen.,999
de,"Ja, sie hatten jede Menge Sachen, die irgendwie gleichzeitig zerbrachen",Die meisten ihrer Sachen gingen gleichzeitig kaputt.,1015
de,"Ja, sie hatten jede Menge Sachen, die irgendwie gleichzeitig zerbrachen",Nichts von ihren Sachen ist kaputt gegangen.,1016
de,"Ja, sie hatten jede Menge Sachen, die irgendwie gleichzeitig zerbrachen",Einige der kaputten Sachen waren wertvoll.,1017
de,aber äh also magst du anderes Essen oder,Gefallen dir verschiedene Arten von Essen?,1024
de,aber äh also magst du anderes Essen oder,"Ich habe gehört, dass du sagst, du probierst nicht gerne neue Speisen.",1025
de,aber äh also magst du anderes Essen oder,"Du musst es genießen, verschiedene volkstümliche Speisen zu probieren.",1026
de,"ähm wie denkst du, dass die Zeitung in Colorado Springs die lokalen Interessen behandelt","Glauben Sie, dass die lokalen Zeitungen nicht daran interessiert sind, was die Bürger zu sagen haben?",1030
de,"ähm wie denkst du, dass die Zeitung in Colorado Springs die lokalen Interessen behandelt",Was denken Sie über nationale Zeitungen und ihre globale Berichterstattung?,1031
de,"ähm wie denkst du, dass die Zeitung in Colorado Springs die lokalen Interessen behandelt",Wie werden deiner Meinung nach die Lokalnachrichten in den Zeitungen behandelt?,1032
de,"Sie kennen einen anderen Vorteil, der mir gerade in den Sinn gekommen ist. Ich habe es nicht als Vorteil in Anspruch genommen, zumindest noch nicht, denn manchmal werden große Unternehmen dafür bezahlen wie Bildung","Es wäre es wert, für eine größere Firma zu arbeiten, wenn sie mir Geld für das College geben würden.",1036
de,"Sie kennen einen anderen Vorteil, der mir gerade in den Sinn gekommen ist. Ich habe es nicht als Vorteil in Anspruch genommen, zumindest noch nicht, denn manchmal werden große Unternehmen dafür bezahlen wie Bildung","Kein Unternehmen hilft bei den Bildungskosten, egal wie groß oder klein.",1037
de,"Sie kennen einen anderen Vorteil, der mir gerade in den Sinn gekommen ist. Ich habe es nicht als Vorteil in Anspruch genommen, zumindest noch nicht, denn manchmal werden große Unternehmen dafür bezahlen wie Bildung",Manchmal helfen dir größere Firmen für Bildung zu zahlen.,1038
de,"Warum Fängst du nicht an? du hattest mehr Zeit darüber nachzudenken, wenn es dir nichts ausmacht.",Warum erklärst du uns allen nicht dein Buch?,1039
de,"Warum Fängst du nicht an? du hattest mehr Zeit darüber nachzudenken, wenn es dir nichts ausmacht.",Warum gehtst du nicht erste?,1040
de,"Warum Fängst du nicht an? du hattest mehr Zeit darüber nachzudenken, wenn es dir nichts ausmacht.","Du solltest zuletzt gehen, weil du nichts weißt.",1041
de,"um-hum finden Sie, dass Sie uh uh enttäuscht oder zufrieden sind mit uh äh der Leistung sowie Netzabdeckung von Nachrichten",Bist du mit der Netzwerkberichterstattung zufrieden?,1042
de,"um-hum finden Sie, dass Sie uh uh enttäuscht oder zufrieden sind mit uh äh der Leistung sowie Netzabdeckung von Nachrichten","Ich schätze, du schaust nie Network News?",1043
de,"um-hum finden Sie, dass Sie uh uh enttäuscht oder zufrieden sind mit uh äh der Leistung sowie Netzabdeckung von Nachrichten","Ich denke, die Netzwerke drehen die Nachrichten so, damit du denkst, was sie wollen, dass du denkst.",1044
de,"Ja, ich weiß nicht ja, was ich nicht verstehe, Sie kennen diese Sache, die es im Dezember letzten Jahres geschafft hat, durch wie viele Stimmen von nur ein paar hundert Stimmen zu besiegen","Es wurde abgelehnt, weil Leute nicht rausgehen und wählen wollten.",1051
de,"Ja, ich weiß nicht ja, was ich nicht verstehe, Sie kennen diese Sache, die es im Dezember letzten Jahres geschafft hat, durch wie viele Stimmen von nur ein paar hundert Stimmen zu besiegen",Es fehlten nur wenige Stimmen zum Sieg.,1052
de,"Ja, ich weiß nicht ja, was ich nicht verstehe, Sie kennen diese Sache, die es im Dezember letzten Jahres geschafft hat, durch wie viele Stimmen von nur ein paar hundert Stimmen zu besiegen",Es bestand bei einer Spanne von 99%.,1053
de,"Oh nein, aber sie haben Heuschimmel-Rennen auf den Spuren von Oaklawn",Die Heupferderennen machen Spaß.,1054
de,"Oh nein, aber sie haben Heuschimmel-Rennen auf den Spuren von Oaklawn",Es gibt Heu Pferderennen in den Bahnen in Oaklawn.,1055
de,"Oh nein, aber sie haben Heuschimmel-Rennen auf den Spuren von Oaklawn","Es gibt keinen Rennen auf den Oaklawn tracks,",1056
de,"aber ich weiß, dass in vielen ländlichen Gebieten sie nicht so gut sind",Sie sind nicht sehr gut in ländlichen Gebieten.,1057
de,"aber ich weiß, dass in vielen ländlichen Gebieten sie nicht so gut sind",Sie sind wirklich gut in städtischen Gebieten.,1058
de,"aber ich weiß, dass in vielen ländlichen Gebieten sie nicht so gut sind","Sowohl in ländlichen Gegenden, als auch in der Stadt sind sie sehr gut.",1059
de,sie werden also durch den Schlitz gehen,Sie sind leicht durchzuschieben.,1063
de,sie werden also durch den Schlitz gehen,Sie gehen in die Öffnung.,1064
de,sie werden also durch den Schlitz gehen,Sie gehen im Müll.,1065
de,Es fallen zwanzig Prozent Zinsen an,Könnte das Interesse mehr als 20 sein?,1066
de,Es fallen zwanzig Prozent Zinsen an,Ist der Zinssatz 20 Prozent?,1067
de,Es fallen zwanzig Prozent Zinsen an,Es besteht kein Interesse.,1068
de,"Die beste Abschreckung für Einbrecher ist ein lauter Nachbar, selbst wenn der Nachbar nur einen lauten Hund hat wird es sie abschrecken, da sie wissen das der Hund bellen wird.","Einbrecher mögen keine Hunde , da diese laut sind und sie oft beißen.",1072
de,"Die beste Abschreckung für Einbrecher ist ein lauter Nachbar, selbst wenn der Nachbar nur einen lauten Hund hat wird es sie abschrecken, da sie wissen das der Hund bellen wird.",Räuber mögen keine Hunde.,1073
de,"Die beste Abschreckung für Einbrecher ist ein lauter Nachbar, selbst wenn der Nachbar nur einen lauten Hund hat wird es sie abschrecken, da sie wissen das der Hund bellen wird.",Räuber wissen das die Hunde bald still bleiben werden.,1074
de,"uh-huh, es ist lustig und ähm, ich denke, ich mag nur lustige Shows",Ich mag lustige Shows nicht.,1075
de,"uh-huh, es ist lustig und ähm, ich denke, ich mag nur lustige Shows",Ich sehe mir gerne lustige Shows an.,1076
de,"uh-huh, es ist lustig und ähm, ich denke, ich mag nur lustige Shows",Ich muss möglicherweise diese neue Comedy Show gucken.,1077
de,"Ich weiß es nicht, okay, es war gut mit dir zu reden und einen schönen Abend zu haben","Ich hoffe, du hast einen schönen Morgen! Es war schön, online mit dir zu reden.",1093
de,"Ich weiß es nicht, okay, es war gut mit dir zu reden und einen schönen Abend zu haben","Ich glaube ich weiss warum ich spüre mich nicht wohl, aber ich wollte dir nicht erzählen.",1094
de,"Ich weiß es nicht, okay, es war gut mit dir zu reden und einen schönen Abend zu haben","Ich bin nicht sicher, aber mir geht es ganz gut, es war nett heute Abend mit dir zu sprechen.",1095
de,"kamen zurück vom uh uh Grand Rapids, wo wir einen unserer Söhne gesehen haben wie er seinen Abschluss gemacht hat.",Grand Rapids ist ein wunderschöner Ort.,1111
de,"kamen zurück vom uh uh Grand Rapids, wo wir einen unserer Söhne gesehen haben wie er seinen Abschluss gemacht hat.",Wir haben keinen Sohn.,1112
de,"kamen zurück vom uh uh Grand Rapids, wo wir einen unserer Söhne gesehen haben wie er seinen Abschluss gemacht hat.",Wir sind nach Grand Rapids gegangen um unseren sohn graduieren zu sehen.,1113
de,Wie machst du dich in der Wildnis?,Hast du am Camp über die Wildnis teilgenommen?,1120
de,Wie machst du dich in der Wildnis?,Bist du zum Indoor-Camp gegangen?,1121
de,Wie machst du dich in der Wildnis?,Ich dachte du bist ins Camp gegangen.,1122
de,Es wird Exponentiell nur noch schlimmer so wie es aussieht.,Es wird langsam schlimmer.,1123
de,Es wird Exponentiell nur noch schlimmer so wie es aussieht.,Sieht aus als würde es schlechter werden.,1124
de,Es wird Exponentiell nur noch schlimmer so wie es aussieht.,Es wird besser.,1125
de,"und ich hasse es wirklich, sie zu verlieren, aber das ist eine der Risiken, wenn man einen Innenhof hat, schätze ich, da ich","Einen Garten zu besitzen ist nicht Spiel und Spaß, aber ich mag es.",1141
de,"und ich hasse es wirklich, sie zu verlieren, aber das ist eine der Risiken, wenn man einen Innenhof hat, schätze ich, da ich","Ich würde mir nicht wünschen es zu verlieren, aber das ist es was passieren kann wenn du einen Hof besitzt.",1142
de,"und ich hasse es wirklich, sie zu verlieren, aber das ist eine der Risiken, wenn man einen Innenhof hat, schätze ich, da ich","Wenn man sein eigenes Stück Land besitzen, hat man nichts mehr zu verlieren.",1143
de,"Tagge sie oder alles was du tust. Du tust es alles selbst. Sie sagen dir, was zu tun ist, aber du tust es alles selbst.","Nachdem sie Ihnen sagen, was zu tun ist, tun Sie es einfach selbst.",1144
de,"Tagge sie oder alles was du tust. Du tust es alles selbst. Sie sagen dir, was zu tun ist, aber du tust es alles selbst.",Sie sagen dir überhaupt nicht wie man es machen soll.,1145
de,"Tagge sie oder alles was du tust. Du tust es alles selbst. Sie sagen dir, was zu tun ist, aber du tust es alles selbst.",Sie geben gute Anweisungen um wie man zu Werke geht.,1146
de,"nicht nur Anwälte, sondern Polizisten und Richter und die gesamte Anwaltschaft im Allgemeinen","Es hat nichts mit jemandem zu tun, der am Rechtssystem beteiligt ist.",1153
de,"nicht nur Anwälte, sondern Polizisten und Richter und die gesamte Anwaltschaft im Allgemeinen",Jeder ist in der Rechtsordnung beteiligt.,1154
de,"nicht nur Anwälte, sondern Polizisten und Richter und die gesamte Anwaltschaft im Allgemeinen",Die meisten des Justizsystems sind beteiligt. Eine Mahrheit ist die Polizei.,1155
de,"und äh das waren fünfundzwanzig hundert Leute, als ich beitrat und äh","Als ich ein Mitglied war, war das wenigstens fünfundzwanzighundert Individuen.",1168
de,"und äh das waren fünfundzwanzig hundert Leute, als ich beitrat und äh","Ich glaube, als ich mich dort anmeldete, waren wenigstens ein paar Leute, die ich kannte.",1169
de,"und äh das waren fünfundzwanzig hundert Leute, als ich beitrat und äh","Es gibt nur maximal hundert Leute, die sich je beteiligt haben.",1170
de,"äh ja, und ich würde sagen, äh, ich werde wegfliegen, was, ähm, ich denke es sollte, ähm, einige der gleichen Zuschauer fangen wie, ähm","Ich weiss ehrlich nicht, was ich wählen würde",1171
de,"äh ja, und ich würde sagen, äh, ich werde wegfliegen, was, ähm, ich denke es sollte, ähm, einige der gleichen Zuschauer fangen wie, ähm",Ich würde I'll Fly Away wählen.,1172
de,"äh ja, und ich würde sagen, äh, ich werde wegfliegen, was, ähm, ich denke es sollte, ähm, einige der gleichen Zuschauer fangen wie, ähm",I'll Fly Away ist mein Lieblingsfilm und ich schaue ihn wöchentlich.,1173
de,"Ja, aber ich glaube nicht, dass wir es tun werden, weil es keine lokalen Sender gibt und das sind die Nachrichten, an denen wir hauptsächlich interessiert sind",Der Preis ist ziemlich gut.,1174
de,"Ja, aber ich glaube nicht, dass wir es tun werden, weil es keine lokalen Sender gibt und das sind die Nachrichten, an denen wir hauptsächlich interessiert sind","Wir werden es definitiv holen, um unsere lokalen Nachrichten zu gucken.",1175
de,"Ja, aber ich glaube nicht, dass wir es tun werden, weil es keine lokalen Sender gibt und das sind die Nachrichten, an denen wir hauptsächlich interessiert sind","Wir wollen es nicht, weil wir lokale Nachrichten mögen und es empfängt keine lokalen Sender.",1176
de,"ich fürchte, dass ähm ich denke, sein Name war Anderson war der der Herr, der gegen äh auf einem unabhängige Ticket gegen Reagan und kandidierte",Anderson schlug Reagon.,1186
de,"ich fürchte, dass ähm ich denke, sein Name war Anderson war der der Herr, der gegen äh auf einem unabhängige Ticket gegen Reagan und kandidierte",Anderson ist gegen Reagan als unabhängiger Kandidat angetreten.,1187
de,"ich fürchte, dass ähm ich denke, sein Name war Anderson war der der Herr, der gegen äh auf einem unabhängige Ticket gegen Reagan und kandidierte","Es gab noch andere unabhängige Tickets, welch ebenfalls angetreten sind.",1188
de,"ja ich finde auch, dass es noch viel mehr wirtschaftliches gibt genau wie mit Benzin und dem ganzen, ich meine ich kann ewig mit einem Tank voller Benzin fahren","Sie sind sparsamer, da sie einen niedrigen Benzinverbrauch haben.",1192
de,"ja ich finde auch, dass es noch viel mehr wirtschaftliches gibt genau wie mit Benzin und dem ganzen, ich meine ich kann ewig mit einem Tank voller Benzin fahren",Der Benzinverbrauch ist schrecklich und ich bezahle ständig für Benzin.,1193
de,"ja ich finde auch, dass es noch viel mehr wirtschaftliches gibt genau wie mit Benzin und dem ganzen, ich meine ich kann ewig mit einem Tank voller Benzin fahren",Sie sind ebenso die besten Autos in der Gegend.,1194
de,Vor ein paar Jahren war ich dort ein Student und verbrachte ein Semester im Ausland um in London zu studieren,Einige Jahre vor studierte ich in London für ein Semester.,1195
de,Vor ein paar Jahren war ich dort ein Student und verbrachte ein Semester im Ausland um in London zu studieren,Ich habe nie zuvor im Ausland studiert.,1196
de,Vor ein paar Jahren war ich dort ein Student und verbrachte ein Semester im Ausland um in London zu studieren,Londoner Schulen sind die besten.,1197
de,aber sie haben etwas ein bisschen Anderes mit ihnen gemacht.,Sie taten dasselbe wie alle anderen auch.,1198
de,aber sie haben etwas ein bisschen Anderes mit ihnen gemacht.,"Ihre Art, sie zu benutzen, war viel besser.",1199
de,aber sie haben etwas ein bisschen Anderes mit ihnen gemacht.,Sie machten Sachen mit ihnen ein bisschen anders.,1200
de,Ich konnte niemals etwas mit Kuchen machen,Ich bin nicht fähig die Kuchen zu benutzen.,1216
de,Ich konnte niemals etwas mit Kuchen machen,Ich könnten nie die Ideen für Kuchen ausgehen!,1217
de,Ich konnte niemals etwas mit Kuchen machen,"Ich wünschte, ich könnte etwas mit den Kuchen anfangen, aber ich habe keine Verwendung dafür.",1218
de,"Nun, ich habe ein Videorekorder-System und ich musste es bereits einige Male zurückgeben, weil immer das gleiche Teil ausfällt, aber ich bekomme noch immer kein richtig gutes Bild.","Ich habe einen Videorekorder, der ständig kaputt geht.",1249
de,"Nun, ich habe ein Videorekorder-System und ich musste es bereits einige Male zurückgeben, weil immer das gleiche Teil ausfällt, aber ich bekomme noch immer kein richtig gutes Bild.",Mein Videorekorder funktioniert ausgezeichnet.,1250
de,"Nun, ich habe ein Videorekorder-System und ich musste es bereits einige Male zurückgeben, weil immer das gleiche Teil ausfällt, aber ich bekomme noch immer kein richtig gutes Bild.",Der Videorecorder funktioniert nur etwa eine Woche und ist dann wieder kaputt.,1251
de,"huh naja, das ist schon gut, ähm, es war wirklich lustig, ich ging zu einem Seminar, das war nur, es war ein Satellitenseminar, es war wirklich klasse und es war nur für Frauen","Ich mochte das Seminar, das per Satellit getätigt wurde, wirklich nicht.",1255
de,"huh naja, das ist schon gut, ähm, es war wirklich lustig, ich ging zu einem Seminar, das war nur, es war ein Satellitenseminar, es war wirklich klasse und es war nur für Frauen","Ich ging zu einem Seminar, das per Satellit übertragen wurde.",1256
de,"huh naja, das ist schon gut, ähm, es war wirklich lustig, ich ging zu einem Seminar, das war nur, es war ein Satellitenseminar, es war wirklich klasse und es war nur für Frauen",Das Satellitenseminar war sehr gut besucht.,1257
de,"Ja weil, ähm es war definitiv schon durch Mühle","Ich wünschte, das müsste nicht geschehen, weil es so entmutigend war.",1270
de,"Ja weil, ähm es war definitiv schon durch Mühle",Ja! Ich habe das geschafft ohne einen einzigen Kratzer.,1271
de,"Ja weil, ähm es war definitiv schon durch Mühle",Ja sie haben sicherlich durchgemacht.,1272
de,"Nun, oh, nun, das ist interessant. Hast du, äh, hast du das in einem Kurs gelernt?","Ich wette, du hast dir selbst beigebracht, wie das geht.",1285
de,"Nun, oh, nun, das ist interessant. Hast du, äh, hast du das in einem Kurs gelernt?","Das ist so langweilig, ich bin froh, dass Du nicht weißt wie man es macht.",1286
de,"Nun, oh, nun, das ist interessant. Hast du, äh, hast du das in einem Kurs gelernt?","Wo hast du gelernt, das zu tun?",1287
de,"mit den anderen haben wir entweder mit einigen Freunden eine Art Muttertag gemacht, wo sie sich abwechseln",Es war für den Vatertag und Ellen hat sich immer darum gekümmert.,1303
de,"mit den anderen haben wir entweder mit einigen Freunden eine Art Muttertag gemacht, wo sie sich abwechseln",Manche Freunde feierten Muttertag.,1304
de,"mit den anderen haben wir entweder mit einigen Freunden eine Art Muttertag gemacht, wo sie sich abwechseln",Ein paar Freunde haben abwechselnd den Muttertagsbrunch ausgerichtet.,1305
de,Wissen wir was wir sagen wollen.,"Wissen Sie, welches Skript sie uns zum Lesen geben?",1321
de,Wissen wir was wir sagen wollen.,"Wir wissen, dass wir keine Ahnung haben, was wir sagen werden.",1322
de,Wissen wir was wir sagen wollen.,Was machen wir zu sagen?,1323
de,"ja, sie haben nicht, natürlich haben sie nicht darüber gesprochen, äh, wo du weißt, dass du absolut unfähig bist um auf sie auf zu passen, aber es war das, wo du weisst, sie kommen aus großen vielköpfigen Familien","Jeder kümmert sich um seine eigene Familie, egal was passiert.",1324
de,"ja, sie haben nicht, natürlich haben sie nicht darüber gesprochen, äh, wo du weißt, dass du absolut unfähig bist um auf sie auf zu passen, aber es war das, wo du weisst, sie kommen aus großen vielköpfigen Familien","Einige Menschen können sich nicht um ältere Verwandte kümmern,da ihr Zuhause viele Stufen hat.",1325
de,"ja, sie haben nicht, natürlich haben sie nicht darüber gesprochen, äh, wo du weißt, dass du absolut unfähig bist um auf sie auf zu passen, aber es war das, wo du weisst, sie kommen aus großen vielköpfigen Familien",Manche Menschen können nicht für andere Menschen sorgen.,1326
de,"Nee, okay dann tschüß",Wiedersehen!,1333
de,"Nee, okay dann tschüß",Es war schön mit dir zu sprechen und wir werden morgen wieder reden.,1334
de,"Nee, okay dann tschüß",Reden wir weiter.,1335
de,Okay und haben die gute Lasagne,"Die Lasagne ist das Schlimmste, dass ich jemals probiert habe!",1342
de,Okay und haben die gute Lasagne,Ihre Lasagne ist ausgezeichnet.,1343
de,Okay und haben die gute Lasagne,Ihre Lasagne ist super wegen der scharfen Würstchen die sie benutzen.,1344
de,"Es ist nur so, dass mein Geld jetzt knapp ist, und ich führe mich nicht einmal in Versuchung",Ich habe im Moment nicht viel Geld.,1345
de,"Es ist nur so, dass mein Geld jetzt knapp ist, und ich führe mich nicht einmal in Versuchung",Ich habe jetzt einen Haufen Geld und will einkaufen gehen.,1346
de,"Es ist nur so, dass mein Geld jetzt knapp ist, und ich führe mich nicht einmal in Versuchung",Ich habe nur 20$ bis zum Zahltag.,1347
de,"ja, eine Gruppe mit Spezialinteresse",Die Gruppe ist an vielen verschiedenen Jobs interessiert.,1354
de,"ja, eine Gruppe mit Spezialinteresse",Die Gruppe interessiert sich für Umweltfragen.,1355
de,"ja, eine Gruppe mit Spezialinteresse",Die Gruppe ist an der Sache interessiert.,1356
de,äh da ist nichts Falsch mit einem Elternteil welches alles was er/sie hat zu äh zu äh zu einem Individuum wie dir zu schenken.,"Es ist in Ordnung für einen Elternteil, viele Geschenke zu geben.",1360
de,äh da ist nichts Falsch mit einem Elternteil welches alles was er/sie hat zu äh zu äh zu einem Individuum wie dir zu schenken.,"Es ist in Ordnung für Eltern, ihre Kinder zu unterstützen, bis sie in der Lage sind, sich selbst zu unterstützen.",1361
de,äh da ist nichts Falsch mit einem Elternteil welches alles was er/sie hat zu äh zu äh zu einem Individuum wie dir zu schenken.,Eltern sollten alles behalten was sie haben und nicht teilen.,1362
de,Texas hatte nur fünfundfünfzigtausend als ich dort war.,Ich war noch nie in Texas.,1372
de,Texas hatte nur fünfundfünfzigtausend als ich dort war.,Ich lebte in den 1980er Jahren in Texas.,1373
de,Texas hatte nur fünfundfünfzigtausend als ich dort war.,Ich war in Texas.,1374
de,"Teuer, Sie können eine Menge Geld in dieser Art verdienen, vor allem mit guten Sachen.","Es ist nichts wert, weil es e Müll ist.",1378
de,"Teuer, Sie können eine Menge Geld in dieser Art verdienen, vor allem mit guten Sachen.",Sie können dafür viel bezahlt werden.,1379
de,"Teuer, Sie können eine Menge Geld in dieser Art verdienen, vor allem mit guten Sachen.","Sie können eine Menge Geld verdienen, wenn Sie die besten Stoffe haben.",1380
de,"Entschuldigen Sie, wir zahlen für alle, die Sie kennen, die Kinderbetreuung, aber wir zahlen nicht so viel wie sie außerhalb der Basis tun",Kinderbetreuung kostet 2000 $ mehr von der Basis.,1390
de,"Entschuldigen Sie, wir zahlen für alle, die Sie kennen, die Kinderbetreuung, aber wir zahlen nicht so viel wie sie außerhalb der Basis tun",Kinderbetreuung ist auf der Basis günstiger.,1391
de,"Entschuldigen Sie, wir zahlen für alle, die Sie kennen, die Kinderbetreuung, aber wir zahlen nicht so viel wie sie außerhalb der Basis tun",Kinderbetreuung war kostenlos außerhalb der Basis.,1392
de,"ähm hem ja so so so du hast da oben ein Schild wo drauf steht, dass du dieses Alarmsystem hast und was wenn ein Einbrecher vorbeikommt und deine Telefonleitung kappt","Es ist keine gute Idee, Warnzeichen anzubringen, die verraten, dass Sie eine Alarmanlage haben.",1399
de,"ähm hem ja so so so du hast da oben ein Schild wo drauf steht, dass du dieses Alarmsystem hast und was wenn ein Einbrecher vorbeikommt und deine Telefonleitung kappt",Die Alarmanlagenfirma gibt dir Schilder um sie in den jeweiligen Fenstern anzubringen.,1400
de,"ähm hem ja so so so du hast da oben ein Schild wo drauf steht, dass du dieses Alarmsystem hast und was wenn ein Einbrecher vorbeikommt und deine Telefonleitung kappt","Es gibt ein Zeichen welches zeigt, dass Sie einen Alarm haben.",1401
de,"Ja, wir haben zwischen dem Ehepartner und mir sechs","Ich bin ledig, war noch nie verheiratet.",1408
de,"Ja, wir haben zwischen dem Ehepartner und mir sechs",Mein Mann und ich haben insgesamt sechs Kinder.,1409
de,"Ja, wir haben zwischen dem Ehepartner und mir sechs",Mein Ehemann und ich haben sechs davon.,1410
de,"Ja gut, es, es ist nicht, nicht legal eine Kurzwaffe in Texas aber nein, es ist nicht du kannst es in deinem Haus haben","Es ist ein Verbrechen, in Texas in der Öffentlichkeit eine Waffe zu tragen.",1414
de,"Ja gut, es, es ist nicht, nicht legal eine Kurzwaffe in Texas aber nein, es ist nicht du kannst es in deinem Haus haben",In Texas kannst du eine Handfeuerwaffe mitnehmen wohin du willst!,1415
de,"Ja gut, es, es ist nicht, nicht legal eine Kurzwaffe in Texas aber nein, es ist nicht du kannst es in deinem Haus haben",Sie können keine Pistole in Texas außerhalb Ihres Hauses tragen.,1416
de,"ähm also ich besitze einen Computer, wir haben zwei PCs zu Hause, aber wir besitzen keinen von beiden wirklich ähm, beide sind nicht beide sind irgendwie arbeitsbezogen und",Ich besitze keine elektronischen Geräte.,1435
de,"ähm also ich besitze einen Computer, wir haben zwei PCs zu Hause, aber wir besitzen keinen von beiden wirklich ähm, beide sind nicht beide sind irgendwie arbeitsbezogen und",Ich habe einen Apple und HP Computer zu Hause.,1436
de,"ähm also ich besitze einen Computer, wir haben zwei PCs zu Hause, aber wir besitzen keinen von beiden wirklich ähm, beide sind nicht beide sind irgendwie arbeitsbezogen und",Ich habe zwei Computer in meinem Haus.,1437
de,Manchmal ist es schön essen zu gehen und einen Salat zu essen.,Ich esse nie Salat-ekelhaft!,1438
de,Manchmal ist es schön essen zu gehen und einen Salat zu essen.,Ich esse gelegentlich einen vegetarischen Salat auf dem Deck.,1439
de,Manchmal ist es schön essen zu gehen und einen Salat zu essen.,"Gelegentlich, esse ich gerne Salat.",1440
de,Mir gefiehl das sehr.,Ich fand das wirklich toll.,1450
de,Mir gefiehl das sehr.,"Ich hätte gerne ein anderes, weil ich es so schön fand.",1451
de,Mir gefiehl das sehr.,Das war ekelhaft !,1452
de,"Wow vielleicht sollte ich es mir im Kino anschauen und plane danach Abendessen zu gehen, so dass wir sitzen und darüber reden könnten",Ich will diesen Film überhaupt nicht sehen!,1468
de,"Wow vielleicht sollte ich es mir im Kino anschauen und plane danach Abendessen zu gehen, so dass wir sitzen und darüber reden könnten","Wir können chinesisch essen gehen, nachdem wir diesen Oscar-nominierten Film gesehen haben.",1469
de,"Wow vielleicht sollte ich es mir im Kino anschauen und plane danach Abendessen zu gehen, so dass wir sitzen und darüber reden könnten",Wir können nach der Show Abendessen gehen.,1470
de,"Im Großen und Ganzen wissen sie einfach, wie hoch ihr Einkommen ist und gehen einfach sicher, dass sie nicht über ihre Verhältnisse leben.","Sie sind sich des Geldes bewusst, das sie als Einkommen haben.",1471
de,"Im Großen und Ganzen wissen sie einfach, wie hoch ihr Einkommen ist und gehen einfach sicher, dass sie nicht über ihre Verhältnisse leben.",Sie haben keine Ahnung wie viel Geld sie bekommen.,1472
de,"Im Großen und Ganzen wissen sie einfach, wie hoch ihr Einkommen ist und gehen einfach sicher, dass sie nicht über ihre Verhältnisse leben.","Sie wissen, dass sie monatlich 2903 Dollar verdienen.",1473
de,"naja, wir halten sie auf jeden Fall arm, unterdrückt und hilflos.","Unsere Handlungen verhindern, dass sie sich verbessern.",1477
de,"naja, wir halten sie auf jeden Fall arm, unterdrückt und hilflos.",Wir ermutigen und richten sie jeden Tag auf.,1478
de,"naja, wir halten sie auf jeden Fall arm, unterdrückt und hilflos.",Wir machen es so dass armen Menschen in unserer Gesellschaft nichts gelingen kann.,1479
de,"Es ist irgendwie wie eine Seifen-, eine Seifenoper",Es ist eine sehr ernste neue Show.,1483
de,"Es ist irgendwie wie eine Seifen-, eine Seifenoper",Es ist wie eine Seifenoper.,1484
de,"Es ist irgendwie wie eine Seifen-, eine Seifenoper",Die Show ist Days of Our Lives sehr ähnlich.,1485
de,"Ja, ich habe immer gesagt, dass wenn ich sterbe, also ich habe immer gesagt, dass wenn ich sterbe, würde ich als Hund zurück kommen, das ist die beste Existenz",Ich glaube nicht an irgendeine Art von Leben nach dem Tod.,1486
de,"Ja, ich habe immer gesagt, dass wenn ich sterbe, also ich habe immer gesagt, dass wenn ich sterbe, würde ich als Hund zurück kommen, das ist die beste Existenz","Ich glaube, die meisten Menschen, die sterben, kommen als Tiere zurück.",1487
de,"Ja, ich habe immer gesagt, dass wenn ich sterbe, also ich habe immer gesagt, dass wenn ich sterbe, würde ich als Hund zurück kommen, das ist die beste Existenz","Wenn ich sterbe, glaube ich immer, dass ich als Hund wiedergeboren werde.",1488
de,"Um-hum gut, und ich würde sagen dass es noch ein paar andere Bereiche gibt die sie schneiden könnten. Du weißt, dass ich sie nicht unbedingt ausschneiden muss",Ich dachte sie sollten die Lebensmittel ausgeben zerschneiden und nicht die Bücher.,1489
de,"Um-hum gut, und ich würde sagen dass es noch ein paar andere Bereiche gibt die sie schneiden könnten. Du weißt, dass ich sie nicht unbedingt ausschneiden muss",Ich wollte andere Einschnitte vorschlagen.,1490
de,"Um-hum gut, und ich würde sagen dass es noch ein paar andere Bereiche gibt die sie schneiden könnten. Du weißt, dass ich sie nicht unbedingt ausschneiden muss","Es gibt einfach nichts anderes mehr, das sie noch kürzen könnten!",1491
de,"der neueste Vertrag, der vergeben wurde, Virginia verklagte ihn oder hat eine Klage gegen. uh Gratin, um Bau zu stoppen, weil er unfair erhalten wurde oder so etwas, weißt du",Die Verträge waren sehr unordentlich.,1498
de,"der neueste Vertrag, der vergeben wurde, Virginia verklagte ihn oder hat eine Klage gegen. uh Gratin, um Bau zu stoppen, weil er unfair erhalten wurde oder so etwas, weißt du",Die Verträge ließen bei den Anwälten viele Alarmglocken läuten.,1499
de,"der neueste Vertrag, der vergeben wurde, Virginia verklagte ihn oder hat eine Klage gegen. uh Gratin, um Bau zu stoppen, weil er unfair erhalten wurde oder so etwas, weißt du",Die Verträge wurden alle ohne Probleme unterzeichnet.,1500
de,Espinosa hat viele Romanzen von Californios gesammelt in den 1920er Jahren.,Espinosa hat diese Romanzen in Frankreich mit einem guten Gewinn weiterverkauft.,1522
de,Espinosa hat viele Romanzen von Californios gesammelt in den 1920er Jahren.,Espinosa war am sammeln von Romanzen interessiert.,1523
de,Espinosa hat viele Romanzen von Californios gesammelt in den 1920er Jahren.,Espinosa starb 1900.,1524
de,"Diese Komplexe höherer Ordnung von molekularen Vorrichtungen entstehen, weil die natürliche Selektion in der Lage ist, auf die kollektiven Eigenschaften solcher molekularer Aggregate einzuwirken, wenn diese kollektiven Eigenschaften die Anpassungsfähigkeit erhöhen.",Molekulare Geräte sind alle gleichermaßen kompliziert.,1525
de,"Diese Komplexe höherer Ordnung von molekularen Vorrichtungen entstehen, weil die natürliche Selektion in der Lage ist, auf die kollektiven Eigenschaften solcher molekularer Aggregate einzuwirken, wenn diese kollektiven Eigenschaften die Anpassungsfähigkeit erhöhen.",Unter bestimmten Bedingungen können komplexere molekulare Vorrichtungen entstehen.,1526
de,"Diese Komplexe höherer Ordnung von molekularen Vorrichtungen entstehen, weil die natürliche Selektion in der Lage ist, auf die kollektiven Eigenschaften solcher molekularer Aggregate einzuwirken, wenn diese kollektiven Eigenschaften die Anpassungsfähigkeit erhöhen.",Diese molekularen Geräte werden meist zur Herstellung verschiedener Gifte zum Schutz verwendet.,1527
de,Aber ich glaube nicht das so ein algorithmische Programm komplett sein kann.,"Der Algorithmus kann nicht ohne menschliche Beurteilung entscheiden, wie ein perfektes Sandwich gemacht wird.",1528
de,Aber ich glaube nicht das so ein algorithmische Programm komplett sein kann.,"Es gibt kein Werkzeug, das dieses Problem alleine lösen kann.",1529
de,Aber ich glaube nicht das so ein algorithmische Programm komplett sein kann.,Diese Werkzeuge funktionieren unter allen Umständen einwandfrei.,1530
de,"Das Gesetz hilft nicht dem Individuum, sondern der Gemeinschaft oder der Nation als Ganzes.",Für die Einlösung sollten sich die Menschen an das Gesetz wenden.,1543
de,"Das Gesetz hilft nicht dem Individuum, sondern der Gemeinschaft oder der Nation als Ganzes.",Das Gesetz wird Amerika erlösen.,1544
de,"Das Gesetz hilft nicht dem Individuum, sondern der Gemeinschaft oder der Nation als Ganzes.",Das Gesetz wir die Gemeinschaft und Nation retten.,1545
de,"Der Verfassungstext von 1787 sah für Sklavenhalter das Recht vor, Sklaven, die auf freies Gebiet geflohen waren, zurückzuholen.","1787 wurde ein Gesetz erlassen, das die Menschen daran hinderte, Sklaven, die es in freie Länder geschafft hatten, zurückzufordern.",1552
de,"Der Verfassungstext von 1787 sah für Sklavenhalter das Recht vor, Sklaven, die auf freies Gebiet geflohen waren, zurückzuholen.",Teile des Textes der Verfassung wurden 1787 geschrieben.,1553
de,"Der Verfassungstext von 1787 sah für Sklavenhalter das Recht vor, Sklaven, die auf freies Gebiet geflohen waren, zurückzuholen.","Das Recht, Sklaven aus freien Territorien zurückzugewinnen, war kein Volksrecht.",1554
de,"Steve Harris, ein molekular Biologe aus Texas hat uns besucht.","Steve Harris weigerte sich, sein Haus aus irgendeinem Grund zu verlassen.",1555
de,"Steve Harris, ein molekular Biologe aus Texas hat uns besucht.",Steve war ein Biologe von außerhalb der Stadt.,1556
de,"Steve Harris, ein molekular Biologe aus Texas hat uns besucht.","Steve besuchte Kalifornien, um eine neue Probe zu studieren.",1557
de,"Die Mitglieder bestanden aus dreißig und fünfzig erwachsenen Männern pro Ortsverband (moradas genannt), die in zwei Mitgliedergruppen unterteilt waren, die hermanos disciplantes (Brüder, die disziplinieren) und Offiziere, hermanos de luz genannt (Brüder des Lichts).",Jeder Ortsverband wurde von mehr als einhundert Polizisten betreut.,1573
de,"Die Mitglieder bestanden aus dreißig und fünfzig erwachsenen Männern pro Ortsverband (moradas genannt), die in zwei Mitgliedergruppen unterteilt waren, die hermanos disciplantes (Brüder, die disziplinieren) und Offiziere, hermanos de luz genannt (Brüder des Lichts).",Die Kapitel enthielten sowohl gewöhnliche Mitglieder als auch Offiziere.,1574
de,"Die Mitglieder bestanden aus dreißig und fünfzig erwachsenen Männern pro Ortsverband (moradas genannt), die in zwei Mitgliedergruppen unterteilt waren, die hermanos disciplantes (Brüder, die disziplinieren) und Offiziere, hermanos de luz genannt (Brüder des Lichts).",Diese Einheiten waren für die Konvertierung der einheimischen Bevölkerung in Zentralamerika verantwortlich.,1575
de,Bei 4- und 5-jährigen drehen sich die Fragen häufiger um die narrative Organisation (Was geschieht als nächstes?),Kinder lernen normalerweise nicht zu kommunizieren bis sie sechs Jahre alt sind.,1579
de,Bei 4- und 5-jährigen drehen sich die Fragen häufiger um die narrative Organisation (Was geschieht als nächstes?),"Fünfjährige sind besorgt darüber, was als nächstes passiert.",1580
de,Bei 4- und 5-jährigen drehen sich die Fragen häufiger um die narrative Organisation (Was geschieht als nächstes?),Fünfjährige werden generell als schlechte Gesprächspartner betrachtet.,1581
de,"Leicht zusammenlaufender Fluss im Zusantdsraum ermöglicht eine Klassifizierung, denn wenn zwei Zustände zu einem Folgezustand zusammenlaufen, werden diese zwei Zustände von Netzwerk als äquivalent eingestuft.",Der konvergente Verlauf ermöglicht die Klassifizierung.,1582
de,"Leicht zusammenlaufender Fluss im Zusantdsraum ermöglicht eine Klassifizierung, denn wenn zwei Zustände zu einem Folgezustand zusammenlaufen, werden diese zwei Zustände von Netzwerk als äquivalent eingestuft.",Der Konvergenzzufluss wird von der Bevölkerung beeinflußt.,1583
de,"Leicht zusammenlaufender Fluss im Zusantdsraum ermöglicht eine Klassifizierung, denn wenn zwei Zustände zu einem Folgezustand zusammenlaufen, werden diese zwei Zustände von Netzwerk als äquivalent eingestuft.",Konvergente Verläufe verhindert Klassifizierung.,1584
de,"Daher schaffen sie beharrlich eine instationäre Welt, in der nur die relativ junge Vergangenheit gültige Daten hat.","Eine instationäre Welt ist für manche nicht wünschenswert, wenn sie Informationen aus der fernen Vergangenheit berücksichtigen muss.",1591
de,"Daher schaffen sie beharrlich eine instationäre Welt, in der nur die relativ junge Vergangenheit gültige Daten hat.","Alle Daten, von jedem Zeitraum sind gültig in jeder Welt.",1592
de,"Daher schaffen sie beharrlich eine instationäre Welt, in der nur die relativ junge Vergangenheit gültige Daten hat.","Diese hypothetischen Welten werden dazu verwendet, Wettermuster vorherzusagen.",1593
de,"Im letzten Kapitel gehe ich über das zentrale Anliegen autonomer Agenten hinaus, das Universum selbst zu betrachten.","Im letzten Kapitel erörtere ich nur, wie oft man lecken mus, um ins Zentrum eines Tootsie Roll Pops zu kommen.",1597
de,"Im letzten Kapitel gehe ich über das zentrale Anliegen autonomer Agenten hinaus, das Universum selbst zu betrachten.","Im letzten Kapitel frage ich mich, wie sehr das Universum für die Exzentrizitäten menschlichen Verhaltens verantwortlich ist.",1598
de,"Im letzten Kapitel gehe ich über das zentrale Anliegen autonomer Agenten hinaus, das Universum selbst zu betrachten.",Im letzten Kapitel habe ich das Universum an sich betrachtet.,1599
de,"Und deshalb war der Staat nicht dafür verantwortlich, dass diese Privatpersonen den schwarzen Bürgern soziale Rechte verweigerten.",Einige Privatpersonen verweigerten schwarzen Bürgern soziale Rechte.,1606
de,"Und deshalb war der Staat nicht dafür verantwortlich, dass diese Privatpersonen den schwarzen Bürgern soziale Rechte verweigerten.",Die privaten Personen waren weiß.,1607
de,"Und deshalb war der Staat nicht dafür verantwortlich, dass diese Privatpersonen den schwarzen Bürgern soziale Rechte verweigerten.",Der Staat war allein verantwortlich für das Verhalten der Privatpersonen.,1608
de,Zwischen jüngeren und älteren Mitgliedern der Klasse besteht in den Ergebnissen der Erfolgstests kein Unterschied.,"Während die Testergebnisse für junge und ältere Klassenkameraden die gleichen sind, beenden jüngere Klassenkameraden den Test schneller.",1609
de,Zwischen jüngeren und älteren Mitgliedern der Klasse besteht in den Ergebnissen der Erfolgstests kein Unterschied.,Jüngere und ältere Klassenkameraden erreichen in den Tests die gleichen Ergebnisse.,1610
de,Zwischen jüngeren und älteren Mitgliedern der Klasse besteht in den Ergebnissen der Erfolgstests kein Unterschied.,"Jüngere und ältere Klassenkameraden haben unterschiedliche Testergebnisse, da das Alter ein Faktor ist.",1611
de,In der postbellischen Rechtsordnung ergibt sich dasselbe Ergebnis aus föderalen Verfassungsgrundsätzen.,"Prinzipien der Bundesverfassung ist der Grund, welcher das gleiche Ergebniss wie bei der Nachkriegs Rechtsordnung bewirkte.",1612
de,In der postbellischen Rechtsordnung ergibt sich dasselbe Ergebnis aus föderalen Verfassungsgrundsätzen.,Die Nachkriegs-Rechtsordnung endete aufgrund der föderalen Verfassungsprinzipien von Barbados mit dem selben Ergebnis.,1613
de,In der postbellischen Rechtsordnung ergibt sich dasselbe Ergebnis aus föderalen Verfassungsgrundsätzen.,"Die Präbellum-Rechtsordnung hatte sehr unterschiedliche Ergebnisse, obwohl sie aus den Grundprinzipien der Verfassung abgeleitet wurde.",1614
de,"Darwin fängt mit Leben an, dass schon hier ist.",Darwin hat sich zu Beginn auf Fische konzentriert.,1624
de,"Darwin fängt mit Leben an, dass schon hier ist.",Darwin fing mit schon existierendem Leben an.,1625
de,"Darwin fängt mit Leben an, dass schon hier ist.","Darwin konzentrierte sich nur darauf, tote Dinge zu studieren.",1626
de,Die häufigste Ursache während des Kleinkindalters und der Vorschuljahre ist wiederholte Otitis media oder Mittelohrentzündung.,Mittelohrentzündung ist die häufigste Ursache bei Kleinkindern.,1636
de,Die häufigste Ursache während des Kleinkindalters und der Vorschuljahre ist wiederholte Otitis media oder Mittelohrentzündung.,Otitis media ist während der Vorschulzeit eines Kindes unglaublich selten.,1637
de,Die häufigste Ursache während des Kleinkindalters und der Vorschuljahre ist wiederholte Otitis media oder Mittelohrentzündung.,Die Mehrzahl aller Kleinkinder wird eine Mittelohrentzündung bekommen.,1638
de,"Wenn sich die Zivilgesellschaft taub stellt, werden verrückte Ideen ihre Überlegenheit verlieren.","Verrückte Ideen sind nicht so provokant, wenn die Zivilgesellschaft sie ignoriert.",1645
de,"Wenn sich die Zivilgesellschaft taub stellt, werden verrückte Ideen ihre Überlegenheit verlieren.","Verrückte Ideen werden in der Zivilgesellschaft populärer, wenn sie von der Zivilgesellschaft ignoriert werden.",1646
de,"Wenn sich die Zivilgesellschaft taub stellt, werden verrückte Ideen ihre Überlegenheit verlieren.",Die meisten verrückten Ideen werden von der Zivilgesellschaft ignoriert.,1647
de,"McKim, sehr zu seinem Verdruss, verlor nicht nur, sondern kam hinter Howard & Cauldwell.",Howard und Cauldwell waren Frauen.,1654
de,"McKim, sehr zu seinem Verdruss, verlor nicht nur, sondern kam hinter Howard & Cauldwell.","McKim war ekstatisch, weil er zuerst fertig war.",1655
de,"McKim, sehr zu seinem Verdruss, verlor nicht nur, sondern kam hinter Howard & Cauldwell.","McKim wurde gedemütigt, weil er Dritter wurde.",1656
de,"In der Tat, teil dessen was wir brauchen ist eine Möglichkeit die Organisation des echten Prozess in der Nichtgleichgewichtswelt zu charakterisieren.",Wir brauchen Kennzeichen um zu sehen wo die Organisation die Sache gut macht.,1666
de,"In der Tat, teil dessen was wir brauchen ist eine Möglichkeit die Organisation des echten Prozess in der Nichtgleichgewichtswelt zu charakterisieren.",Wir müssen die Organisation kennzeichnen.,1667
de,"In der Tat, teil dessen was wir brauchen ist eine Möglichkeit die Organisation des echten Prozess in der Nichtgleichgewichtswelt zu charakterisieren.",Wir sollten nichts beschriften.,1668
de,"Die Palomille bestand aus einem Kern aus drei oder vier Männern, mit einigen Randmitgliedern und war eine wichtige Sozialisierungseinheit, die jungen Männern einen sicheren Raum bot zu scherzen und sich auszudrücken.","Palomillas erlaubte jungen Männern, sich auszudrücken.",1681
de,"Die Palomille bestand aus einem Kern aus drei oder vier Männern, mit einigen Randmitgliedern und war eine wichtige Sozialisierungseinheit, die jungen Männern einen sicheren Raum bot zu scherzen und sich auszudrücken.","Palomillas bestand nur aus mehreren alten Frauen, die traurige Geschichten über Bratpfannen erzählten.",1682
de,"Die Palomille bestand aus einem Kern aus drei oder vier Männern, mit einigen Randmitgliedern und war eine wichtige Sozialisierungseinheit, die jungen Männern einen sicheren Raum bot zu scherzen und sich auszudrücken.",Junge Männer in (palomillas) erzählten Pferdewitze.,1683
de,Aber bedenke Brot und Butter.,Denken Sie an Wonder Brot und Challenge Butter.,1693
de,Aber bedenke Brot und Butter.,Denken Sie an Brot und Butter.,1694
de,Aber bedenke Brot und Butter.,Denke einfach nur an Rosinen mit Mais-Chips und nichts mehr.,1695
de,"Zwei amerikanische Ideen das Schützen der Flagge und das Zelebrieren der Redefreiheit rücken schliesslich als gegensätzliche Arten, Amerikaner zu sein, ins Blickfeld.",Alle Amerikaner behandeln die Flagge mit Respekt.,1714
de,"Zwei amerikanische Ideen das Schützen der Flagge und das Zelebrieren der Redefreiheit rücken schliesslich als gegensätzliche Arten, Amerikaner zu sein, ins Blickfeld.",Amerikaner hassen die Flagge.,1715
de,"Zwei amerikanische Ideen das Schützen der Flagge und das Zelebrieren der Redefreiheit rücken schliesslich als gegensätzliche Arten, Amerikaner zu sein, ins Blickfeld.",Amerikaner wollen die Flagge schützen.,1716
de,"Bato ist ein Jahrhunderte altes Wort, das man als Kerl oder Kumpel übersetzen kann.",Vato ist die bevorzugte Schreibweise.,1720
de,"Bato ist ein Jahrhunderte altes Wort, das man als Kerl oder Kumpel übersetzen kann.","Bato (oder Vato) ist ein spanisches Wort, das Typ oder Typ bedeutet.",1721
de,"Bato ist ein Jahrhunderte altes Wort, das man als Kerl oder Kumpel übersetzen kann.",Batos sind Lesben.,1722
de,"Wir haben anfängliche mathematische Modelle, welche einiges über diese hierarchische Organisation verdeutlichen. Doch auch die aktuellsten Modelle sind trotz ihrer Brillanz beschränkt.","Alles, was über die Organisation gelernt werden kann, ist bereits bekannt.",1729
de,"Wir haben anfängliche mathematische Modelle, welche einiges über diese hierarchische Organisation verdeutlichen. Doch auch die aktuellsten Modelle sind trotz ihrer Brillanz beschränkt.",Die jetzigen Modelle sind hervorragend aber begrenzt.,1730
de,"Wir haben anfängliche mathematische Modelle, welche einiges über diese hierarchische Organisation verdeutlichen. Doch auch die aktuellsten Modelle sind trotz ihrer Brillanz beschränkt.",Es gibt viel mehr über die Organisation zu lernen.,1731
de,"Wenn der Sand sich anhäuft, erreicht er schließlich den Ruhewinkel für Sand und erstreckt sich auch bis zu den Grenzen des Tisches.",Der Sand häuft sich auf zu einen Haufen.,1732
de,"Wenn der Sand sich anhäuft, erreicht er schließlich den Ruhewinkel für Sand und erstreckt sich auch bis zu den Grenzen des Tisches.",Der Sand ist immer flach und glatt.,1733
de,"Wenn der Sand sich anhäuft, erreicht er schließlich den Ruhewinkel für Sand und erstreckt sich auch bis zu den Grenzen des Tisches.",Der Sand wird von einem Bulldozer geschaufelt.,1734
de,"Die Biosphäre hat sich tatsächlich erweitert, ist mehr oder weniger anhaltend expldiert in das sich stets erweiternde, anschließende Mögliche.",Die Biosphere is 1000 Meilen gewachsen.,1735
de,"Die Biosphäre hat sich tatsächlich erweitert, ist mehr oder weniger anhaltend expldiert in das sich stets erweiternde, anschließende Mögliche.",Die Biosphäre wuchs.,1736
de,"Die Biosphäre hat sich tatsächlich erweitert, ist mehr oder weniger anhaltend expldiert in das sich stets erweiternde, anschließende Mögliche.",Die Biosphäre schrumpft.,1737
de,"Merkwürdig, ist es nicht, dass wir einem der tiefsten Merkmale der Welt nicht direkt vor unserer kollektiven Nase Beachtung schenken?",Wir achten immer auf alles.,1744
de,"Merkwürdig, ist es nicht, dass wir einem der tiefsten Merkmale der Welt nicht direkt vor unserer kollektiven Nase Beachtung schenken?",Sehen wir uns gerade nicht etwas Wunderbares an?,1745
de,"Merkwürdig, ist es nicht, dass wir einem der tiefsten Merkmale der Welt nicht direkt vor unserer kollektiven Nase Beachtung schenken?",Wir schauen uns das berühmte Gebäude nicht an?,1746
de,"Die rationalen Erwartungen wuchsen teilweise durch den Versuch, tatsächliche Handelsgeschäfte an der Börse zu verstehen.",Immer mehr Menschen begannen an Online-Börsen zu handeln.,1747
de,"Die rationalen Erwartungen wuchsen teilweise durch den Versuch, tatsächliche Handelsgeschäfte an der Börse zu verstehen.",Niemand war in tatsächliches Handeln an der Börse interessiert.,1748
de,"Die rationalen Erwartungen wuchsen teilweise durch den Versuch, tatsächliche Handelsgeschäfte an der Börse zu verstehen.","Die Leute versuchten, etwas über den Handel an den Börsen zu lernen.",1749
de,Die Beziehung zwischen Rechte und Freiheit ist dementsprechend auf den Kopf gestellt worden.,Du kannst Rechte nicht ohne Freiheit haben.,1753
de,Die Beziehung zwischen Rechte und Freiheit ist dementsprechend auf den Kopf gestellt worden.,Rechte und Freiheit haben nichts miteinander zu tun.,1754
de,Die Beziehung zwischen Rechte und Freiheit ist dementsprechend auf den Kopf gestellt worden.,Es gibt eine Verbindung zwischen Ihren Rechten und Ihrer Freiheit.,1755
de,"Das Publikum ist unsichtbar. Jeder Betrachter ist in seiner kleinen Kabine, Wohnzimmer genannt.",Das Publikum ist wegen der Boxen versteckt.,1768
de,"Das Publikum ist unsichtbar. Jeder Betrachter ist in seiner kleinen Kabine, Wohnzimmer genannt.",Sie können das Publikum sehen.,1769
de,"Das Publikum ist unsichtbar. Jeder Betrachter ist in seiner kleinen Kabine, Wohnzimmer genannt.",Du kannst das Publikum nicht sehen.,1770
de,Das Ende des Plantagenkapitalismus hätte ebenso sicher sein können wie der Niedergang des Kommunismus in Europa.,Der Landwirtschaftskapitalismus ist vorbei.,1777
de,Das Ende des Plantagenkapitalismus hätte ebenso sicher sein können wie der Niedergang des Kommunismus in Europa.,Landwirtschaftlicher Kapitalismus ist falsch.,1778
de,Das Ende des Plantagenkapitalismus hätte ebenso sicher sein können wie der Niedergang des Kommunismus in Europa.,Es gab kein Ende des Kommunismus in Europa.,1779
de,Ich beginne das Leben mit einer Gabe von hundert Birnen und tausend Äpfeln.,Ich habe mehr Birnen als Äpfel.,1780
de,Ich beginne das Leben mit einer Gabe von hundert Birnen und tausend Äpfeln.,Ich habe etwas zu essen.,1781
de,Ich beginne das Leben mit einer Gabe von hundert Birnen und tausend Äpfeln.,Die Frucht wurde mir von meinem Vater gegeben.,1782
de,"Dein Herz war zufälligerweise darauf vorangepasst, Vorbeben von Erdbeben aufzufangen.",Erdbebenvorläufer können von jedem gefühlt werden.,1792
de,"Dein Herz war zufälligerweise darauf vorangepasst, Vorbeben von Erdbeben aufzufangen.",Erdbeben haben Vorbeben.,1793
de,"Dein Herz war zufälligerweise darauf vorangepasst, Vorbeben von Erdbeben aufzufangen.",Dein Herz kann keine Erschütterungen eines Erdbebens spüren.,1794
de,"Diego folgte ihren Anweisungen und auf der Spitze des Hügels fand er schöne Rosen von Kastilien, immer noch mit Tau bedeckt.",Diego wollte ihren Anweisungen nicht wirklich folgen.,1801
de,"Diego folgte ihren Anweisungen und auf der Spitze des Hügels fand er schöne Rosen von Kastilien, immer noch mit Tau bedeckt.","Diego weigerte sich das zu tun, was sie gesagt hat.",1802
de,"Diego folgte ihren Anweisungen und auf der Spitze des Hügels fand er schöne Rosen von Kastilien, immer noch mit Tau bedeckt.",Oben auf dem Hügel wuchsen Rosen.,1803
de,"Die südwestliche Region mit den am meisten erforschten und dokumentierten Hochzeitsbräuchen ist New Mexico, weil die Nachkommen der frühen Hispanos sich ihrer Traditionen bewusst waren und sie niedergeschrieben haben.",Es sind keine Aufzeichnungen von den Traditionen der frühen Hispanos übrig geblieben.,1807
de,"Die südwestliche Region mit den am meisten erforschten und dokumentierten Hochzeitsbräuchen ist New Mexico, weil die Nachkommen der frühen Hispanos sich ihrer Traditionen bewusst waren und sie niedergeschrieben haben.",Die Nachkommen der frühen Hispanos benutzten Federn beim schreiben.,1808
de,"Die südwestliche Region mit den am meisten erforschten und dokumentierten Hochzeitsbräuchen ist New Mexico, weil die Nachkommen der frühen Hispanos sich ihrer Traditionen bewusst waren und sie niedergeschrieben haben.","Es gibt Belege dafür, dass die Nachfahren der frühen Hispanos schreiben konnten.",1809
de,"Heute wird unter dem Begriff Barbacoa nur das Kochen von Fleisch in einer Grube, auch Grubenkochen genannt, verstanden.",Der Begriff barbacoa wird benutzt um das Rösten von Gemüse im Ofen zu beschreiben.,1813
de,"Heute wird unter dem Begriff Barbacoa nur das Kochen von Fleisch in einer Grube, auch Grubenkochen genannt, verstanden.",Der Begriff Barbacoa  wurde als erstes im alten Ägypten benutzt.,1814
de,"Heute wird unter dem Begriff Barbacoa nur das Kochen von Fleisch in einer Grube, auch Grubenkochen genannt, verstanden.","Es gibt mindestens zwei Begriffe, die das Kochen von Fleisch in einer Grube bedeuten.",1815
de,"Und doch, heute ist die allgemeine Annahme, dass unsere Beamten mit einer genauen rassischen und ethnischen Karte der amerikanischen Nation vertraut werden können.","Die Annahme, dass Beamte rassistische und ethnische Vorurteile haben ist falsch.",1819
de,"Und doch, heute ist die allgemeine Annahme, dass unsere Beamten mit einer genauen rassischen und ethnischen Karte der amerikanischen Nation vertraut werden können.",Es gibt eine allgemeine Annahme über unsere Beamten.,1820
de,"Und doch, heute ist die allgemeine Annahme, dass unsere Beamten mit einer genauen rassischen und ethnischen Karte der amerikanischen Nation vertraut werden können.",Heute gibt es kein allgemeine Annahme.,1821
de,"Für die anerkannte Staatengemeinschaft wird, sagen wir, Gleichberechtigung mit Bezug auf die Stimmrechte in der Generalversammlung der Vereinten Nationen eine Norm, die ohne weiteres durchgesetzt werden kann.",Jede Nation hat das Recht zu wählen.,1825
de,"Für die anerkannte Staatengemeinschaft wird, sagen wir, Gleichberechtigung mit Bezug auf die Stimmrechte in der Generalversammlung der Vereinten Nationen eine Norm, die ohne weiteres durchgesetzt werden kann.",Es gibt keine Stimmrechte.,1826
de,"Für die anerkannte Staatengemeinschaft wird, sagen wir, Gleichberechtigung mit Bezug auf die Stimmrechte in der Generalversammlung der Vereinten Nationen eine Norm, die ohne weiteres durchgesetzt werden kann.",Es gibt Stimmrechte.,1827
de,Das Problem der Ausbeutung in scheinbar freiwilligen sexuellen Beziehungen ist schon lange bei uns.,Das Problem wegen der Ausbeutung wird immer mehr behoben.,1843
de,Das Problem der Ausbeutung in scheinbar freiwilligen sexuellen Beziehungen ist schon lange bei uns.,"Es könnte Ausnutzung in sexuellen Beziehungen sein, welche anscheinend freiwillig sind.",1844
de,Das Problem der Ausbeutung in scheinbar freiwilligen sexuellen Beziehungen ist schon lange bei uns.,"Es gibt keine Ausbeutung in sexuellen Beziehen, die freiwillig sind.",1845
de,"Während dies geschieht, werden Gebete rezitiert",Niemand betet.,1849
de,"Während dies geschieht, werden Gebete rezitiert",Andere Dinge passieren während Gebete gesagt werden.,1850
de,"Während dies geschieht, werden Gebete rezitiert","Gebete werden aufgesagt, während Kleidung gewaschen wird.",1851
de,Der vaquero oder buckaroo ist ein Cowboy aus dem Westen und der Cowboy ist einer aus dem Süden.,Der Cowboy kommt aus dem Norden.,1858
de,Der vaquero oder buckaroo ist ein Cowboy aus dem Westen und der Cowboy ist einer aus dem Süden.,Der Cowboy kommt aus dem Süden.,1859
de,Der vaquero oder buckaroo ist ein Cowboy aus dem Westen und der Cowboy ist einer aus dem Süden.,Der Cowboy kommt aus der südlichen USA.,1860
de,"Mitglieder von Autoclubs werden als Clubber bezeichnet, sie konkurrieren um Trophäen, fahren in Autocaravans und nehmen oft an Spendenveranstaltungen teil.",Mitglieder von Autoclubs veranstalten Wettbewerbe.,1867
de,"Mitglieder von Autoclubs werden als Clubber bezeichnet, sie konkurrieren um Trophäen, fahren in Autocaravans und nehmen oft an Spendenveranstaltungen teil.",Mitglieder von Autovereinen fahren nicht.,1868
de,"Mitglieder von Autoclubs werden als Clubber bezeichnet, sie konkurrieren um Trophäen, fahren in Autocaravans und nehmen oft an Spendenveranstaltungen teil.",Mitglieder von Autoklubs verkaufen Autos.,1869
de,Während der Vorschule und Grundschule befinden sich die Gedanken hauptsächlich im Hier-und-Jetzt.,Vorschulkinder und Kinder im Grundschulalter träumen oft von der Zukunft.,1870
